0 80
1 28
2 27
3 14
4 19
5 25
6 11
7 27
8 18
9 17
10 21
11 22
12 18
13 21
14 16
15 16
16 12
17 11
18 16
19 10
20 19
21 17
22 15
23 19
24 10
25 18
26 18
27 14
28 14
29 13
30 9
31 13
32 15
33 5
34 11
35 6
36 6
37 13
38 5
39 5
40 9
41 6
42 6
43 7
44 8
45 11
46 5
47 11
48 6
49 11
50 2
51 4
52 4
53 5
54 3
55 6
56 8
57 10
58 5
59 9
60 11
61 8
62 12
63 10
64 13
65 7
66 4
67 11
68 3
69 6
70 7
71 4
72 3
73 10
74 7
75 12
76 5
77 4
78 6
79 7
80 2
81 5
82 3
83 6
84 4
85 8
86 7
87 11
88 8
89 8
90 1
91 6
92 4
93 4
94 5
95 4
96 2
97 3
98 4
99 3
100 3
101 6
102 6
103 4
104 4
105 5
106 2
107 3
108 3
109 5
110 1
111 4
112 7
113 6
114 3
115 1
116 2
117 4
118 3
119 3
120 0
121 3
122 4
123 0
124 3
125 0
126 0
127 4
128 3
129 0
130 1
131 0
132 0
133 1
134 0
135 1
136 0
137 1
138 1
139 0
140 0
141 0
142 1
143 0
144 0
145 1
146 1
147 0
148 0
149 0
150 0
151 0
152 0
153 0
154 0
155 0
156 0
157 0
158 0
159 0
160 0
161 0
162 0
163 0
164 1
165 0
166 0
167 1
168 0
169 0
170 0
171 0
172 0
173 0
174 0
175 0
176 0
177 0
178 0
179 0
180 0
181 0
182 0
183 0
184 0
185 0
186 0
187 0
188 0
189 0
190 0
191 0
192 0
193 0
194 0
195 0
196 0
197 0
198 0
199 0
200 0
201 0
202 0
203 0
204 0
205 0
206 0
207 0
208 0
209 0
210 0
211 1
212 0
213 0
214 0
215 0
216 0
217 0
218 0
219 1
220 0
221 0
222 0
223 0
224 1
225 0
226 0
227 1
228 0
229 0
230 0
231 0
232 0
233 0
234 0
235 0
236 0
237 0
238 0
239 0
240 0
241 1
242 0
243 0
244 0
245 0
246 0
247 0
248 0
249 1
250 0
251 0
252 0
253 0
254 0
255 0
256 0
257 0
258 0
259 0
260 0
261 0
262 1
263 0
264 1
265 0
266 0
267 0
268 0
269 0
270 1
271 0
272 0
273 0
274 0
275 0
276 0
277 0
278 0
279 0
280 0
281 0
282 0
283 0
284 1
285 0
286 0
287 0
288 0
289 0
290 0
291 0
292 0
293 0
294 0
295 1
296 1
297 0
298 0
299 0
300 1
301 0
302 1
303 0
304 0
305 0
306 0
307 1
308 0
309 0
310 0
311 0
312 0
313 0
314 0
315 0
316 0
317 0
318 0
319 0
320 0
321 1
322 0
323 0
324 1
325 0
326 0
327 0
328 0
329 0
330 0
331 1
332 0
333 0
334 0
335 0
336 0
337 0
338 0
339 0
340 0
341 1
342 0
343 0
344 0
345 0
346 0
347 0
348 0
349 0
350 0
351 0
352 0
353 0
354 0
355 0
356 0
357 0
358 0
359 0
360 0
361 0
362 1
363 0
364 0
365 0
366 1
367 0
368 1
369 0
370 0
371 0
372 0
373 1
374 0
375 0
376 0
377 0
378 0
379 0
380 0
381 0
382 0
383 0
384 0
385 0
386 0
387 0
388 0
389 0
390 0
391 0
392 0
393 0
394 0
395 0
396 0
397 0
398 0
399 0
400 0
401 0
402 0
403 0
404 0
405 0
406 0
407 0
408 0
409 0
410 0
411 0
412 0
413 0
414 0
415 0
416 0
417 0
418 0
419 0
420 0
421 0
422 0
423 0
424 0
425 0
426 0
427 0
428 0
429 0
430 0
431 1
432 0
433 0
434 1
435 0
436 0
437 0
438 0
439 0
440 0
441 0
442 0
443 0
444 0
445 0
446 1
447 0
448 0
449 0
450 0
451 1
452 0
453 0
454 0
455 1
456 0
457 0
458 0
459 0
460 0
461 0
462 0
463 0
464 1
