0	1816	406
1	1790	394
2	153	103
3	255	117
4	95	52
5	129	70
6	277	167
7	127	95
8	260	160
9	123	67
10	99	75
11	25	17
12	143	82
13	46	42
14	213	105
15	110	53
16	202	101
17	48	27
18	166	119
19	57	31
20	70	60
21	200	105
22	369	164
23	167	92
24	92	78
25	30	24
26	110	47
27	127	88
28	392	206
29	224	93
30	247	127
31	28	27
32	299	157
33	54	38
34	113	48
35	319	163
36	83	28
37	63	25
38	172	86
39	245	124
40	22	21
41	217	83
42	403	229
43	93	54
44	30	19
45	213	82
46	399	269
47	223	93
48	109	57
49	72	34
50	78	49
51	225	34
52	366	139
53	38	16
54	250	153
55	57	18
56	229	62
57	130	39
58	61	22
59	401	222
60	193	44
61	50	41
62	98	57
63	170	82
64	147	46
65	198	110
66	236	95
67	328	119
68	284	90
69	108	61
70	74	28
71	131	82
72	71	28
73	20	8
74	83	40
75	201	18
76	164	102
77	299	102
78	48	28
79	176	81
80	105	60
81	103	80
82	111	29
83	227	160
84	97	62
85	87	46
86	93	52
87	298	166
88	74	41
89	164	59
90	84	35
91	41	16
92	214	95
93	194	88
94	38	20
95	70	49
96	32	22
97	77	48
98	146	79
99	222	132
100	554	229
101	61	40
102	102	55
103	442	194
104	175	110
105	227	59
106	213	129
107	413	199
108	252	155
109	99	35
110	202	120
111	177	120
112	340	172
113	120	83
114	360	141
115	155	99
116	66	18
117	98	55
118	244	111
119	115	68
120	202	129
121	177	86
122	151	48
123	252	87
124	184	100
125	316	143
126	140	87
127	157	71
128	115	72
129	63	34
130	84	52
131	99	77
132	201	106
133	153	107
134	52	18
135	224	49
136	242	112
137	34	24
138	57	44
139	83	34
140	242	128
141	130	39
142	135	81
143	305	112
144	140	28
145	151	67
146	192	68
147	249	74
148	80	14
149	155	72
150	132	90
151	133	74
152	14	10
153	14	9
154	75	17
155	402	215
156	575	281
157	283	118
158	63	48
159	261	104
160	603	219
161	36	27
162	59	18
163	30	7
164	79	13
165	60	14
166	45	5
167	676	205
168	234	75
169	30	9
170	45	17
171	323	127
172	1288	385
173	136	38
174	45	5
175	1204	188
176	1242	196
177	110	43
178	71	25
179	121	65
180	203	53
181	137	50
182	48	28
183	12	7
184	71	27
185	14	10
186	54	34
187	186	38
188	63	27
189	51	11
190	184	17
191	106	48
192	53	32
193	186	46
194	102	33
195	72	28
196	64	28
197	77	17
198	83	37
199	126	32
200	161	71
201	108	59
202	117	32
203	39	11
204	46	19
205	93	33
206	55	21
207	51	15
208	211	42
209	114	26
210	64	26
211	76	24
212	87	28
213	172	51
214	126	46
215	88	35
216	157	69
217	6	6
218	61	36
219	153	39
220	50	26
221	224	52
222	54	29
223	66	26
224	104	30
225	64	18
226	120	47
227	8	6
228	3	3
229	1	1
230	0	0
231	3	3
232	19	9
233	15	10
234	0	0
235	11	8
236	4	4
237	101	16
238	99	31
239	79	32
240	328	42
241	63	14
242	97	30
243	147	17
244	161	20
245	222	37
246	190	39
247	214	113
248	214	113
249	222	37
250	2227	368
251	2248	379
252	170	86
253	180	110
254	66	38
255	206	126
256	145	69
257	101	66
258	160	102
259	76	60
260	135	85
261	184	108
262	133	86
263	145	95
264	240	123
265	154	79
266	149	74
267	294	158
268	195	105
269	164	109
270	226	115
271	23	14
272	93	50
273	155	90
274	69	50
275	157	103
276	167	99
277	102	20
278	70	51
279	124	52
280	19	17
281	139	99
282	172	86
283	134	92
284	224	124
285	165	89
286	132	82
287	87	65
288	95	71
289	486	215
290	33	33
291	71	45
292	69	50
293	156	106
294	145	92
295	239	137
296	188	81
297	135	91
298	147	98
299	153	94
300	84	53
301	137	66
302	67	22
303	242	121
304	67	32
305	100	81
306	117	88
307	183	109
308	147	78
309	90	17
310	83	55
311	172	72
312	219	118
313	59	33
314	42	21
315	236	134
316	31	10
317	43	26
318	125	48
319	87	49
320	208	103
321	104	80
322	44	30
323	61	32
324	30	14
325	157	83
326	90	33
327	155	90
328	132	77
329	116	73
330	201	88
331	210	129
332	171	79
333	167	103
334	193	100
335	52	31
336	27	12
337	93	67
338	204	112
339	112	87
340	246	104
341	69	33
342	117	83
343	129	66
344	110	76
345	210	125
346	143	100
347	122	59
348	64	8
349	425	195
350	158	79
351	80	39
352	12	7
353	366	166
354	2	2
355	105	44
356	86	40
357	130	59
358	165	76
359	15	9
360	5	4
361	7	6
362	365	176
363	93	46
364	41	17
365	69	15
366	110	60
367	280	120
368	875	269
369	534	209
370	107	47
371	457	157
372	785	244
373	157	57
374	69	15
375	1199	266
376	1244	274
377	126	73
378	30	15
379	111	42
380	52	30
381	93	66
382	40	33
383	42	33
384	92	52
385	85	54
386	187	69
387	125	68
388	40	28
389	181	68
390	49	35
391	45	19
392	106	46
393	55	21
394	184	116
395	33	25
396	50	29
397	45	24
398	70	21
399	89	48
400	32	9
401	110	45
402	40	12
403	46	19
404	236	136
405	114	52
406	83	50
407	52	40
408	26	12
409	175	55
410	102	55
411	102	37
412	145	59
413	10	6
414	75	49
415	24	20
416	93	44
417	118	63
418	144	92
419	30	20
420	118	26
421	62	51
422	140	74
423	42	23
424	97	65
425	55	28
426	48	38
427	177	77
428	112	49
429	117	68
430	174	102
431	60	13
432	365	176
433	75	29
434	124	85
435	26	9
436	87	38
437	142	69
438	69	46
439	133	74
440	138	90
441	92	44
442	67	40
443	38	12
444	37	12
445	74	35
446	63	51
447	184	101
448	225	88
449	167	102
450	214	58
451	72	31
452	145	67
453	122	62
454	160	83
455	36	17
456	105	57
457	139	72
458	42	26
459	105	64
460	66	13
461	109	54
462	74	42
463	98	59
464	41	30
465	153	75
466	130	65
467	55	31
468	151	60
469	71	8
470	21	9
471	62	29
472	56	33
473	47	28
474	37	13
475	48	7
476	99	41
477	133	78
478	431	132
479	401	163
480	461	189
481	401	161
482	5	4
483	11	9
484	4	2
485	12	6
486	29	19
487	112	52
488	175	117
489	218	108
490	35	11
491	67	17
492	312	128
493	66	39
494	98	37
495	64	37
496	36	4
497	446	140
498	388	154
499	36	4
500	1381	394
501	1392	395
502	104	80
503	135	25
504	206	79
505	174	117
506	157	110
507	221	115
508	252	115
509	215	110
510	267	143
511	241	83
512	150	108
513	124	76
514	158	65
515	335	142
516	248	110
517	32	15
518	162	64
519	97	79
520	280	135
521	291	143
522	129	94
523	199	116
524	94	38
525	125	103
526	164	126
527	242	130
528	369	159
529	102	68
530	232	122
531	213	91
532	240	127
533	265	153
534	267	121
535	283	71
536	97	53
537	147	97
538	300	131
539	203	124
540	171	89
541	333	173
542	125	81
543	148	99
544	139	88
545	139	109
546	338	150
547	421	148
548	261	158
549	185	76
550	268	111
551	164	66
552	78	56
553	285	150
554	283	115
555	100	79
556	74	55
557	67	26
558	186	142
559	166	88
560	169	109
561	106	78
562	145	108
563	122	76
564	227	71
565	70	18
566	201	104
567	147	112
568	86	78
569	43	29
570	301	168
571	146	75
572	230	149
573	240	124
574	89	66
575	51	45
576	161	70
577	229	135
578	55	29
579	121	65
580	162	85
581	29	8
582	265	161
583	129	52
584	124	63
585	171	99
586	169	23
587	57	25
588	247	116
589	161	98
590	151	106
591	217	92
592	196	103
593	332	166
594	237	136
595	193	98
596	243	93
597	310	137
598	180	122
599	136	62
600	341	156
601	193	143
602	6	4
603	12	8
604	8	6
605	11	6
606	3	3
607	0	0
608	161	20
609	29	16
610	19	11
611	11	8
612	93	22
613	506	193
614	291	61
615	121	21
616	21	14
617	519	196
618	180	21
619	103	41
620	403	120
621	407	121
622	245	157
623	363	105
624	134	90
625	1906	469
626	1882	443
627	96	60
628	168	99
629	197	135
630	51	32
631	116	61
632	209	84
633	207	111
634	206	128
635	138	111
636	31	7
637	250	116
638	61	50
639	101	76
640	184	120
641	89	16
642	152	73
643	77	42
644	102	69
645	104	61
646	231	137
647	65	44
648	281	143
649	243	130
650	110	86
651	107	44
652	39	18
653	179	112
654	21	9
655	115	76
656	172	112
657	234	87
658	107	63
659	417	224
660	118	80
661	194	124
662	314	192
663	349	185
664	213	119
665	165	109
666	310	192
667	228	111
668	237	143
669	88	52
670	83	35
671	203	130
672	73	46
673	300	183
674	208	121
675	131	113
676	110	58
677	188	99
678	286	160
679	88	54
680	238	145
681	99	69
682	181	107
683	88	61
684	246	133
685	155	80
686	186	72
687	124	60
688	184	128
689	276	147
690	164	100
691	156	77
692	185	64
693	106	59
694	221	132
695	204	115
696	290	131
697	124	81
698	50	29
699	209	104
700	316	151
701	202	113
702	336	158
703	146	62
704	186	114
705	93	72
706	160	119
707	203	116
708	146	58
709	271	133
710	115	63
711	184	79
712	300	165
713	215	109
714	85	57
715	221	127
716	283	162
717	102	77
718	54	33
719	99	72
720	47	27
721	121	78
722	182	127
723	47	36
724	99	49
725	139	88
726	146	92
727	233	146
728	87	52
729	78	27
730	135	88
731	80	53
732	375	175
733	80	63
734	275	137
735	266	136
736	293	174
737	191	98
738	163	116
739	143	101
740	78	37
741	300	143
742	227	126
743	139	81
744	305	183
745	163	122
746	9	5
747	133	91
748	201	114
749	98	58
750	124	62
751	207	122
752	114	83
753	132	97
754	424	133
755	76	60
756	394	189
757	194	144
758	262	148
759	52	21
760	300	164
761	5	5
762	169	107
763	48	37
764	184	102
765	26	15
766	164	96
767	175	97
768	136	97
769	105	69
770	227	125
771	333	157
772	203	108
773	157	49
774	196	113
775	330	154
776	240	139
777	1	1
778	93	22
779	12	12
780	137	41
781	148	71
782	440	159
783	261	104
784	66	28
785	30	24
786	7	6
787	368	133
788	437	151
789	460	170
790	234	75
791	298	116
792	403	120
793	148	71
794	506	193
795	166	77
796	406	208
797	79	59
798	341	114
799	88	34
800	1672	460
801	1655	463
802	182	119
803	346	140
804	165	98
805	240	149
806	273	140
807	232	146
808	307	145
809	150	56
810	143	115
811	123	102
812	108	79
813	155	132
814	222	142
815	307	198
816	242	134
817	136	117
818	247	129
819	212	140
820	99	52
821	223	119
822	89	63
823	295	139
824	51	47
825	227	105
826	60	43
827	161	110
828	175	99
829	129	84
830	281	139
831	164	103
832	294	183
833	324	164
834	152	43
835	125	70
836	386	131
837	354	177
838	141	89
839	347	164
840	62	16
841	260	127
842	139	79
843	192	118
844	114	78
845	155	101
846	281	161
847	183	110
848	172	107
849	157	96
850	199	102
851	252	135
852	199	105
853	350	151
854	424	153
855	83	61
856	144	97
857	184	110
858	305	130
859	219	71
860	194	95
861	41	11
862	200	90
863	119	82
864	178	79
865	141	91
866	133	82
867	273	124
868	263	95
869	203	111
870	218	144
871	254	143
872	174	118
873	192	123
874	230	146
875	122	88
876	289	146
877	170	67
878	151	110
879	200	115
880	180	104
881	322	118
882	292	166
883	188	123
884	116	58
885	198	112
886	163	90
887	126	84
888	71	52
889	151	106
890	42	14
891	167	111
892	181	105
893	120	73
894	196	117
895	123	75
896	186	92
897	304	158
898	178	99
899	154	76
900	99	51
901	96	64
902	217	137
903	157	87
904	113	75
905	168	113
906	152	79
907	243	107
908	145	80
909	144	40
910	160	101
911	62	55
912	172	77
913	490	200
914	135	97
915	182	113
916	225	125
917	282	137
918	112	28
919	208	124
920	79	18
921	130	51
922	193	98
923	312	183
924	399	158
925	392	182
926	163	113
927	173	118
928	65	47
929	202	101
930	142	86
931	300	120
932	223	140
933	155	79
934	234	150
935	207	108
936	307	159
937	379	153
938	215	107
939	25	17
940	127	77
941	214	117
942	273	109
943	138	82
944	263	138
945	253	151
946	71	38
947	212	122
948	152	91
949	168	64
950	318	191
951	232	73
952	79	13
953	16	8
954	4	3
955	40	22
956	1	1
957	274	147
958	44	29
959	35	21
960	129	67
961	28	18
962	75	17
963	74	10
964	400	132
965	86	37
966	94	16
967	352	85
968	202	60
969	122	39
970	72	36
971	101	39
972	36	23
973	20	14
974	79	13
975	2411	568
976	2384	609
977	2403	586
978	2354	559
979	437	262
980	425	286
981	510	311
982	422	275
983	483	289
984	384	240
985	534	327
986	448	300
987	525	295
988	486	301
989	479	277
990	469	287
991	488	299
992	394	239
993	443	245
994	454	284
995	469	260
996	406	265
997	517	304
998	500	263
999	370	218
1000	367	238
1001	397	246
1002	524	342
1003	479	280
1004	402	233
1005	431	271
1006	533	291
1007	463	281
1008	453	301
1009	371	240
1010	468	289
1011	472	256
1012	483	267
1013	430	271
1014	524	315
1015	444	260
1016	415	265
1017	508	301
1018	500	253
1019	416	266
1020	494	291
1021	491	292
1022	410	250
1023	487	278
1024	441	279
1025	424	248
1026	490	313
1027	482	248
1028	406	256
1029	431	277
1030	481	303
1031	354	233
1032	485	264
1033	458	265
1034	415	269
1035	475	276
1036	463	277
1037	493	271
1038	441	240
1039	416	275
1040	478	304
1041	407	277
1042	517	282
1043	550	316
1044	520	271
1045	431	262
1046	413	252
1047	427	275
1048	458	270
1049	511	287
1050	531	299
1051	454	270
1052	458	259
1053	384	259
1054	461	261
1055	425	284
1056	369	232
1057	459	275
1058	534	313
1059	441	251
1060	548	312
1061	386	240
1062	408	252
1063	567	337
1064	460	289
1065	317	226
1066	438	277
1067	433	256
1068	429	279
1069	458	278
1070	432	260
1071	444	272
1072	452	272
1073	429	270
1074	442	259
1075	464	281
1076	504	306
1077	541	334
1078	430	261
1079	393	233
1080	442	264
1081	432	270
1082	493	276
1083	422	268
1084	523	296
1085	399	249
1086	428	272
1087	351	230
1088	516	290
1089	416	265
1090	450	287
1091	484	287
1092	547	292
1093	463	275
1094	438	236
1095	365	229
1096	455	276
1097	480	266
1098	403	258
1099	420	286
1100	391	244
1101	379	253
1102	484	274
1103	406	255
1104	490	287
1105	386	250
1106	458	307
1107	405	242
1108	380	233
1109	393	241
1110	467	272
1111	505	258
1112	416	255
1113	423	264
1114	446	292
1115	485	314
1116	436	275
1117	549	291
1118	453	257
1119	406	232
1120	425	278
1121	494	269
1122	405	248
1123	445	282
1124	420	267
1125	375	248
1126	405	221
1127	460	276
1128	393	240
1129	417	255
1130	485	304
1131	424	233
1132	432	247
1133	455	284
1134	448	281
1135	536	272
1136	442	290
1137	491	296
1138	540	314
1139	413	273
1140	466	281
1141	412	262
1142	454	279
1143	455	263
1144	407	259
1145	450	288
1146	331	212
1147	450	269
1148	494	277
1149	574	293
1150	515	299
1151	459	278
1152	548	305
1153	445	250
1154	390	265
1155	396	243
1156	492	270
1157	459	274
1158	473	270
1159	483	286
1160	480	274
1161	589	337
1162	473	294
1163	419	282
1164	531	304
1165	380	249
1166	493	318
1167	389	230
1168	357	237
1169	433	274
1170	426	255
1171	435	254
1172	499	312
1173	482	275
1174	447	276
1175	524	305
1176	392	230
1177	338	218
1178	417	269
1179	2002	581
1180	1878	638
1181	1843	563
1182	1942	629
1183	1693	599
1184	1737	592
1185	2001	599
1186	1779	582
1187	1753	593
1188	1687	590
