0	3175	463
1	3132	452
2	113	91
3	301	137
4	119	67
5	138	39
6	382	220
7	147	101
8	385	201
9	78	44
10	188	100
11	85	68
12	55	37
13	321	174
14	402	148
15	83	44
16	245	107
17	86	49
18	346	209
19	127	77
20	73	54
21	278	136
22	512	233
23	290	188
24	41	31
25	69	49
26	103	38
27	188	107
28	530	248
29	184	84
30	163	74
31	311	120
32	327	160
33	112	90
34	787	286
35	339	117
36	208	101
37	179	74
38	171	95
39	305	158
40	98	46
41	300	118
42	258	144
43	217	69
44	239	153
45	197	126
46	549	298
47	243	121
48	190	97
49	182	94
50	65	45
51	246	56
52	294	99
53	54	16
54	123	59
55	49	19
56	370	113
57	591	211
58	137	60
59	181	92
60	278	150
61	91	54
62	296	174
63	97	23
64	395	143
65	206	127
66	250	93
67	262	157
68	136	66
69	201	138
70	387	136
71	152	83
72	96	51
73	59	18
74	163	119
75	229	74
76	126	84
77	214	76
78	123	59
79	271	124
80	65	32
81	124	85
82	183	80
83	229	142
84	413	194
85	250	99
86	103	73
87	78	44
88	257	169
89	397	165
90	135	70
91	58	17
92	323	156
93	189	91
94	53	23
95	53	29
96	30	23
97	62	43
98	156	100
99	239	127
100	67	12
101	212	132
102	74	16
103	376	189
104	60	14
105	180	79
106	143	57
107	365	158
108	235	137
109	177	77
110	348	174
111	118	77
112	494	214
113	160	73
114	270	119
115	204	57
116	112	38
117	79	42
118	159	80
119	48	18
120	208	143
121	417	181
122	113	37
123	222	88
124	219	98
125	447	238
126	145	106
127	216	102
128	219	115
129	120	91
130	169	84
131	196	160
132	175	136
133	113	83
134	437	160
135	97	21
136	164	57
137	59	17
138	149	93
139	101	43
140	206	95
141	189	46
142	235	113
143	396	124
144	169	105
145	222	54
146	180	64
147	204	58
148	338	136
149	97	42
150	235	142
151	253	136
152	17	12
153	22	13
154	58	20
155	535	254
156	855	335
157	409	148
158	74	44
159	302	131
160	936	244
161	59	40
162	65	20
163	53	8
164	92	17
165	60	16
166	46	7
167	1066	238
168	376	104
169	37	8
170	53	19
171	479	151
172	1988	445
173	218	44
174	46	7
175	2162	241
176	2194	235
177	89	29
178	93	26
179	178	92
180	193	53
181	175	42
182	49	27
183	60	36
184	171	89
185	48	30
186	103	48
187	84	12
188	100	30
189	372	86
190	153	18
191	76	36
192	139	47
193	126	59
194	113	17
195	81	38
196	47	20
197	145	39
198	41	22
199	59	14
200	140	61
201	101	49
202	133	50
203	138	51
204	86	46
205	320	92
206	118	62
207	293	104
208	285	62
209	92	41
210	61	21
211	97	48
212	128	44
213	84	39
214	96	44
215	315	102
216	127	46
217	30	11
218	72	35
219	123	35
220	71	47
221	243	67
222	135	57
223	107	42
224	144	57
225	134	41
226	75	38
227	7	5
228	1	1
229	5	5
230	2	2
231	8	5
232	16	9
233	31	17
234	2	2
235	15	9
236	2	1
237	102	18
238	114	29
239	69	26
240	519	46
241	73	15
242	117	38
243	181	27
244	246	19
245	321	51
246	294	53
247	304	139
248	304	139
249	321	51
250	3477	400
251	3414	389
252	201	94
253	157	91
254	182	88
255	188	117
256	197	108
257	142	70
258	155	103
259	254	154
260	226	138
261	100	52
262	236	122
263	153	90
264	12	7
265	129	66
266	205	98
267	442	203
268	226	127
269	160	82
270	443	198
271	89	43
272	134	76
273	185	106
274	19	8
275	206	99
276	35	14
277	127	74
278	117	71
279	246	140
280	93	69
281	19	10
282	183	100
283	132	75
284	54	38
285	285	140
286	171	107
287	187	87
288	154	109
289	274	148
290	70	41
291	145	91
292	236	135
293	152	106
294	114	81
295	223	125
296	126	74
297	179	125
298	75	50
299	93	40
300	112	66
301	189	95
302	221	129
303	324	163
304	73	36
305	176	77
306	107	75
307	201	124
308	158	93
309	120	70
310	212	130
311	101	63
312	231	137
313	146	87
314	74	48
315	277	158
316	63	12
317	30	19
318	229	138
319	102	35
320	257	135
321	32	10
322	53	38
323	45	33
324	37	13
325	182	88
326	200	102
327	328	171
328	103	37
329	133	91
330	70	43
331	199	130
332	232	105
333	239	126
334	73	42
335	194	116
336	77	25
337	67	46
338	228	126
339	77	49
340	388	132
341	145	83
342	208	123
343	37	19
344	125	87
345	131	82
346	26	18
347	99	56
348	153	90
349	154	100
350	500	224
351	88	23
352	11	6
353	524	196
354	3	2
355	146	63
356	147	58
357	222	78
358	297	99
359	15	9
360	10	6
361	16	11
362	575	207
363	144	61
364	47	26
365	44	18
366	199	99
367	457	163
368	1391	312
369	874	242
370	143	48
371	729	203
372	1165	278
373	217	86
374	44	18
375	2079	320
376	2138	327
377	83	64
378	29	15
379	150	67
380	90	38
381	72	56
382	62	27
383	84	58
384	88	55
385	47	36
386	166	74
387	187	84
388	69	50
389	226	80
390	35	20
391	183	117
392	100	62
393	84	35
394	307	141
395	47	21
396	89	51
397	37	24
398	39	17
399	95	60
400	91	44
401	75	33
402	60	11
403	160	75
404	188	90
405	109	69
406	37	7
407	115	73
408	30	5
409	164	29
410	83	34
411	127	58
412	86	68
413	32	8
414	14	10
415	35	27
416	60	20
417	164	115
418	246	90
419	165	84
420	141	26
421	93	71
422	316	131
423	79	50
424	99	35
425	100	66
426	152	51
427	133	61
428	100	32
429	131	63
430	74	24
431	90	50
432	531	211
433	50	14
434	106	65
435	123	81
436	245	98
437	153	94
438	33	8
439	44	7
440	108	57
441	64	23
442	40	11
443	40	13
444	92	45
445	62	33
446	164	111
447	93	39
448	233	108
449	114	54
450	139	67
451	159	81
452	135	63
453	128	45
454	104	57
455	157	89
456	123	65
457	365	115
458	103	54
459	231	129
460	31	14
461	83	37
462	70	32
463	130	61
464	157	106
465	156	87
466	160	86
467	95	40
468	47	26
469	150	64
470	140	51
471	135	47
472	95	37
473	60	44
474	83	51
475	52	15
476	128	58
477	211	111
478	700	170
479	669	210
480	740	235
481	660	207
482	19	8
483	27	14
484	8	5
485	20	12
486	56	29
487	170	69
488	297	165
489	328	163
490	45	13
491	80	28
492	437	169
493	148	62
494	145	64
495	129	58
496	41	10
497	709	178
498	636	197
499	41	10
500	2252	431
501	2300	447
502	155	103
503	323	130
504	275	103
505	232	148
506	203	113
507	161	107
508	243	98
509	205	127
510	207	147
511	224	94
512	178	135
513	25	22
514	323	162
515	272	129
516	484	163
517	270	177
518	238	121
519	409	180
520	171	63
521	301	140
522	209	132
523	285	117
524	160	66
525	65	42
526	113	88
527	222	133
528	373	188
529	177	107
530	323	164
531	250	109
532	255	132
533	227	129
534	367	136
535	287	127
536	109	75
537	128	81
538	206	128
539	237	142
540	149	95
541	292	177
542	349	179
543	216	137
544	181	87
545	206	121
546	342	142
547	529	185
548	217	108
549	381	91
550	270	134
551	162	117
552	163	96
553	140	72
554	133	26
555	126	80
556	112	29
557	49	23
558	174	124
559	573	205
560	153	46
561	201	106
562	187	116
563	219	106
564	252	118
565	175	108
566	44	18
567	172	134
568	70	58
569	249	154
570	377	224
571	281	104
572	199	137
573	179	81
574	223	132
575	114	83
576	173	74
577	322	131
578	200	125
579	266	146
580	153	79
581	161	30
582	138	89
583	349	145
584	112	80
585	252	120
586	76	29
587	221	128
588	306	142
589	109	49
590	184	127
591	387	145
592	244	148
593	128	61
594	253	134
595	173	81
596	203	90
597	307	153
598	124	51
599	125	73
600	101	27
601	177	107
602	4	2
603	17	10
604	7	5
605	7	4
606	8	5
607	2	2
608	246	19
609	62	30
610	17	11
611	15	9
612	140	20
613	761	254
614	367	88
615	130	22
616	26	13
617	719	235
618	156	26
619	202	57
620	570	145
621	610	158
622	336	191
623	631	141
624	205	112
625	3163	500
626	3034	490
627	96	67
628	268	131
629	144	87
630	116	87
631	413	145
632	308	125
633	232	114
634	192	143
635	110	92
636	57	16
637	248	118
638	96	69
639	128	64
640	266	168
641	177	98
642	174	68
643	88	44
644	102	64
645	76	48
646	141	93
647	138	79
648	260	127
649	229	110
650	182	136
651	177	60
652	77	37
653	297	173
654	86	59
655	191	128
656	238	140
657	356	146
658	283	169
659	376	190
660	131	78
661	84	50
662	295	189
663	234	122
664	281	137
665	256	162
666	211	132
667	274	145
668	541	250
669	131	84
670	98	48
671	163	103
672	217	123
673	260	156
674	228	154
675	252	184
676	175	94
677	530	240
678	473	210
679	167	93
680	147	100
681	144	105
682	195	103
683	232	102
684	203	121
685	250	116
686	214	145
687	128	36
688	593	229
689	303	155
690	140	85
691	281	115
692	322	150
693	155	70
694	304	174
695	253	117
696	306	142
697	155	87
698	150	101
699	114	68
700	329	159
701	184	117
702	349	155
703	372	195
704	319	165
705	284	200
706	258	150
707	141	98
708	146	59
709	251	144
710	55	20
711	114	83
712	445	233
713	356	119
714	361	193
715	276	119
716	319	185
717	153	108
718	64	39
719	99	58
720	142	96
721	192	111
722	406	179
723	176	112
724	78	47
725	371	235
726	255	143
727	194	114
728	187	115
729	74	56
730	173	96
731	343	130
732	358	181
733	349	214
734	370	196
735	307	144
736	146	99
737	198	97
738	143	98
739	200	136
740	183	117
741	265	139
742	207	115
743	143	90
744	222	142
745	161	107
746	243	159
747	173	103
748	248	126
749	234	131
750	151	95
751	236	124
752	96	63
753	107	81
754	160	82
755	118	91
756	181	88
757	115	89
758	283	166
759	44	13
760	276	156
761	207	150
762	135	68
763	127	83
764	211	119
765	208	158
766	356	180
767	299	145
768	129	86
769	182	99
770	250	145
771	348	151
772	287	135
773	153	63
774	167	96
775	187	81
776	233	146
777	2	1
778	140	20
779	22	16
780	228	62
781	203	75
782	658	195
783	302	131
784	139	58
785	43	33
786	8	7
787	576	174
788	680	203
789	653	213
790	376	104
791	437	150
792	570	145
793	203	75
794	761	254
795	258	93
796	547	257
797	113	75
798	524	133
799	105	44
800	2570	521
801	2581	506
802	222	124
803	265	126
804	302	133
805	248	173
806	294	159
807	262	164
808	398	148
809	219	64
810	189	122
811	350	191
812	109	72
813	275	178
814	175	121
815	286	179
816	245	145
817	103	72
818	172	87
819	238	154
820	270	143
821	223	117
822	248	156
823	426	201
824	104	86
825	128	50
826	635	268
827	152	95
828	203	107
829	180	105
830	255	127
831	204	126
832	168	73
833	221	135
834	229	149
835	268	123
836	221	120
837	66	30
838	95	36
839	270	122
840	247	144
841	591	254
842	276	151
843	579	211
844	153	86
845	134	99
846	336	174
847	211	127
848	180	90
849	244	153
850	281	128
851	296	169
852	326	184
853	366	181
854	766	284
855	149	105
856	205	131
857	193	77
858	313	138
859	181	104
860	166	86
861	125	81
862	175	54
863	200	142
864	227	109
865	263	120
866	98	43
867	211	121
868	295	132
869	161	76
870	155	92
871	335	192
872	293	147
873	244	124
874	262	127
875	42	21
876	237	127
877	210	92
878	260	125
879	302	189
880	199	118
881	359	178
882	282	167
883	157	108
884	120	72
885	155	101
886	355	157
887	115	84
888	146	105
889	206	109
890	108	85
891	203	152
892	279	156
893	101	56
894	313	108
895	133	34
896	75	24
897	141	90
898	217	101
899	261	153
900	117	77
901	130	54
902	122	77
903	170	106
904	179	105
905	189	107
906	170	98
907	292	118
908	180	61
909	152	59
910	192	116
911	231	152
912	367	142
913	219	138
914	177	115
915	390	148
916	159	98
917	174	116
918	600	213
919	349	173
920	179	87
921	245	134
922	210	99
923	401	174
924	211	110
925	260	141
926	73	42
927	176	104
928	115	71
929	284	171
930	166	126
931	212	102
932	248	151
933	144	88
934	234	147
935	101	63
936	304	191
937	404	152
938	322	158
939	176	131
940	209	111
941	159	109
942	1100	371
943	172	115
944	248	114
945	171	95
946	152	86
947	84	58
948	223	85
949	313	127
950	203	154
951	74	46
952	107	15
953	24	13
954	20	13
955	49	25
956	3	3
957	426	184
958	48	33
959	27	17
960	217	99
961	26	16
962	58	20
963	78	10
964	602	182
965	120	43
966	77	21
967	421	109
968	336	91
969	147	52
970	80	41
971	153	48
972	75	39
973	34	25
974	107	15
975	3765	617
976	3737	605
977	3788	627
978	3700	633
979	600	325
980	726	353
981	815	393
982	769	392
983	817	401
984	713	351
985	661	367
986	799	362
987	776	364
988	658	349
989	620	334
990	802	392
991	794	384
992	648	333
993	751	363
994	750	385
995	778	356
996	646	293
997	668	364
998	774	373
999	589	306
1000	734	366
1001	766	365
1002	829	370
1003	712	335
1004	695	337
1005	705	345
1006	741	364
1007	735	340
1008	838	379
1009	727	369
1010	734	355
1011	631	316
1012	771	351
1013	739	316
1014	840	383
1015	650	323
1016	716	347
1017	769	378
1018	665	321
1019	757	361
1020	757	337
1021	725	362
1022	729	318
1023	698	350
1024	741	351
1025	637	314
1026	795	389
1027	715	362
1028	716	351
1029	612	328
1030	705	343
1031	677	346
1032	721	366
1033	757	351
1034	754	355
1035	773	401
1036	708	361
1037	659	314
1038	753	331
1039	744	348
1040	843	385
1041	669	348
1042	713	353
1043	813	359
1044	706	331
1045	712	329
1046	722	346
1047	724	326
1048	756	345
1049	676	356
1050	766	380
1051	707	367
1052	665	295
1053	653	322
1054	734	355
1055	710	361
1056	759	347
1057	678	344
1058	719	317
1059	707	380
1060	686	362
1061	760	373
1062	744	366
1063	828	425
1064	721	347
1065	730	368
1066	862	396
1067	834	372
1068	851	397
1069	695	344
1070	807	347
1071	722	361
1072	681	330
1073	863	417
1074	694	389
1075	702	344
1076	634	338
1077	794	379
1078	746	386
1079	639	324
1080	680	328
1081	721	360
1082	640	291
1083	668	348
1084	782	374
1085	710	341
1086	741	326
1087	700	349
1088	742	378
1089	901	387
1090	633	310
1091	687	334
1092	809	364
1093	786	357
1094	752	354
1095	582	327
1096	622	326
1097	748	327
1098	713	360
1099	819	385
1100	706	393
1101	738	339
1102	831	393
1103	702	343
1104	758	365
1105	669	349
1106	780	389
1107	764	352
1108	660	353
1109	658	314
1110	706	366
1111	745	336
1112	731	381
1113	679	332
1114	639	348
1115	781	370
1116	695	348
1117	782	363
1118	605	309
1119	748	363
1120	768	360
1121	747	357
1122	776	339
1123	681	338
1124	876	405
1125	694	363
1126	772	340
1127	801	369
1128	666	319
1129	715	349
1130	828	353
1131	694	358
1132	663	321
1133	595	339
1134	802	371
1135	791	392
1136	754	387
1137	737	355
1138	737	362
1139	724	347
1140	725	373
1141	734	343
1142	681	340
1143	782	384
1144	690	324
1145	773	380
1146	756	375
1147	834	409
1148	805	343
1149	735	379
1150	835	360
1151	811	348
1152	625	327
1153	646	330
1154	706	362
1155	622	331
1156	777	377
1157	781	342
1158	800	362
1159	835	374
1160	710	328
1161	807	353
1162	708	352
1163	679	339
1164	765	385
1165	687	360
1166	716	341
1167	720	361
1168	737	358
1169	711	346
1170	762	370
1171	761	336
1172	680	358
1173	662	329
1174	698	333
1175	734	382
1176	774	365
1177	652	336
1178	703	367
1179	2780	675
1180	2859	664
1181	2997	686
1182	2931	699
1183	2909	648
1184	2950	692
1185	3315	704
1186	2652	656
1187	2874	648
1188	2836	670
