0 3
1 5
2 1
3 1
4 7
5 8
6 6
7 4
8 7
9 5
10 13
11 6
12 5
13 6
14 7
15 14
16 9
17 5
18 3
19 6
20 3
21 10
22 5
23 1
24 7
25 5
26 4
27 5
28 2
29 5
30 6
31 14
32 6
33 3
34 4
35 7
36 6
37 14
38 8
39 4
40 7
41 5
42 16
43 2
44 2
45 7
46 1
47 13
48 10
49 6
50 3
51 6
52 13
53 7
54 2
55 5
56 5
57 5
58 9
59 3
60 4
61 5
62 7
63 10
64 7
65 2
66 3
67 5
68 12
69 6
70 7
71 4
72 8
73 10
74 11
75 9
76 9
77 6
78 6
79 12
80 4
81 2
82 9
83 10
84 10
85 5
86 6
87 6
88 7
89 16
90 7
91 6
92 2
93 4
94 2
95 6
96 8
97 5
98 9
99 5
100 9
101 6
102 4
103 3
104 7
105 12
106 12
107 4
108 4
109 4
110 8
111 10
112 4
113 5
114 8
115 6
116 8
117 4
118 3
119 9
120 5
121 14
122 3
123 3
124 7
125 1
126 9
127 3
128 4
129 5
130 2
131 5
132 8
133 3
134 3
135 0
136 2
137 6
138 3
139 1
140 1
141 1
142 5
143 2
144 0
145 3
146 7
147 0
148 2
149 3
150 3
151 2
152 3
153 1
154 3
155 2
156 0
157 0
158 5
159 1
160 3
161 1
162 1
163 1
164 4
165 1
166 1
167 0
168 1
169 2
170 3
171 0
172 1
173 0
174 2
175 1
176 2
177 3
178 0
179 4
180 0
181 0
182 0
183 0
184 0
185 1
186 0
187 0
188 2
189 0
190 0
191 0
192 1
193 0
194 0
195 2
196 0
197 4
198 0
199 0
200 2
201 1
202 1
203 1
204 0
205 1
206 0
207 0
208 1
209 0
210 1
211 0
212 0
213 4
214 0
215 0
216 1
217 0
218 0
219 0
220 0
221 0
222 0
223 0
224 0
225 1
226 0
227 0
228 0
229 0
230 0
231 0
232 0
233 1
234 0
235 0
236 0
237 0
238 1
239 0
240 1
241 0
242 0
243 0
244 1
245 0
246 1
247 0
248 1
249 0
250 1
251 0
252 0
253 0
254 0
255 0
256 0
257 1
258 0
259 1
260 1
261 0
262 1
263 0
264 3
265 2
266 1
267 1
268 1
269 3
270 1
271 1
272 2
273 1
274 3
275 7
276 2
277 2
278 3
279 1
280 4
281 2
282 3
283 2
284 2
285 7
286 2
287 1
288 4
289 3
290 2
291 8
292 6
293 4
294 1
295 5
296 7
297 1
298 4
299 2
300 2
301 4
302 5
303 5
304 7
305 4
306 7
307 4
308 3
309 1
310 2
311 3
312 3
313 3
314 2
315 1
316 0
317 3
318 3
319 3
320 1
321 1
322 3
323 4
324 1
325 2
326 0
327 4
328 0
329 3
330 3
331 0
332 0
333 2
334 0
335 0
336 1
337 2
338 0
339 0
340 1
341 0
342 0
343 1
344 0
345 0
346 0
347 0
348 0
349 0
350 1
351 0
352 0
353 0
354 0
355 0
356 0
357 1
358 0
359 0
360 0
361 0
362 1
363 0
364 0
365 0
366 0
367 0
368 0
369 0
370 0
371 0
372 0
373 0
374 1
375 1
376 0
377 0
378 0
379 0
380 1
381 0
382 0
383 0
384 0
385 0
386 0
387 0
388 0
389 1
390 0
391 0
392 0
393 0
394 0
395 0
396 0
397 0
398 0
399 0
400 0
401 0
402 0
403 0
404 0
405 0
406 0
407 0
408 0
409 0
410 0
411 0
412 1
413 0
414 0
415 0
416 0
417 0
418 0
419 0
420 1
421 0
422 0
423 0
424 0
425 1
426 0
427 0
428 0
429 0
430 0
431 0
432 0
433 0
434 0
435 0
436 0
437 0
438 1
439 0
440 0
441 0
442 0
443 0
444 0
445 0
446 0
447 0
448 0
449 0
450 0
451 0
452 0
453 0
454 0
455 0
456 0
457 0
458 0
459 0
460 0
461 0
462 0
463 0
464 0
465 0
466 0
467 0
468 0
469 0
470 0
471 0
472 0
473 0
474 0
475 0
476 0
477 0
478 0
479 0
480 0
481 0
482 0
483 0
484 0
485 0
486 0
487 0
488 0
489 0
490 0
491 0
492 0
493 0
494 0
495 0
496 0
497 0
498 0
499 0
500 0
501 0
502 0
503 0
504 0
505 0
506 0
507 0
508 1
509 0
510 0
511 0
512 0
513 0
514 0
515 0
516 0
517 0
518 1
519 0
520 0
521 0
522 0
523 0
524 0
525 0
526 0
527 1
528 0
529 0
530 0
531 0
532 1
533 0
534 0
535 0
536 0
537 0
538 0
539 0
540 0
541 0
542 0
543 0
544 2
545 0
546 0
547 0
548 0
549 0
550 0
551 1
552 0
553 0
554 0
555 0
556 0
557 0
558 1
559 0
560 0
561 0
562 0
563 1
564 0
565 0
566 0
567 1
568 0
569 0
570 0
571 0
572 0
573 0
574 0
575 0
576 1
577 0
578 0
579 0
580 0
581 0
582 1
583 0
584 0
585 0
586 0
587 1
588 0
589 0
590 0
591 0
592 1
593 0
594 0
595 0
596 0
597 0
598 0
599 0
600 0
601 0
602 0
603 0
604 0
605 0
606 0
607 0
608 0
609 0
610 0
611 0
612 0
613 0
614 0
615 0
616 0
617 0
618 0
619 0
620 0
621 0
622 0
623 0
624 0
625 0
626 0
627 0
628 0
629 0
630 0
631 0
632 0
633 0
634 0
635 0
636 0
637 0
638 0
639 0
640 0
641 0
642 0
643 0
644 0
645 0
646 0
647 0
648 0
649 0
650 0
651 0
652 0
653 0
654 0
655 0
656 0
657 0
658 0
659 0
660 0
661 0
662 0
663 0
664 0
665 0
666 0
667 0
668 0
669 0
670 0
671 0
672 0
673 0
674 0
675 0
676 0
677 0
678 0
679 0
680 0
681 0
682 0
683 0
684 0
685 0
686 0
687 0
688 0
689 0
690 0
691 0
692 0
693 0
694 0
695 0
696 0
697 0
698 0
699 0
700 0
701 0
702 0
703 0
704 0
705 0
706 0
707 0
708 0
709 0
710 0
711 0
712 0
713 0
714 0
715 0
716 0
717 0
718 0
719 0
720 0
721 0
722 0
723 0
724 0
725 0
726 0
727 0
728 0
729 0
730 0
731 0
732 0
733 0
734 0
735 0
736 0
737 0
738 0
739 0
740 0
741 0
742 0
743 0
744 0
745 0
746 0
747 0
748 0
749 0
750 0
751 0
752 0
753 0
754 0
755 0
756 0
757 0
758 0
759 0
760 0
761 0
762 0
763 0
764 0
765 0
766 0
767 0
768 0
769 0
770 0
771 0
772 0
773 0
774 0
775 0
776 0
777 0
778 0
779 0
780 0
781 0
782 0
783 0
784 0
785 0
786 0
787 0
788 0
789 0
790 0
791 0
792 0
793 0
794 0
795 0
796 0
797 0
798 0
799 0
800 0
801 0
802 0
803 0
804 0
805 0
806 0
807 0
808 0
809 0
810 0
811 0
812 0
813 0
814 0
815 0
816 0
817 0
818 0
819 0
820 0
821 0
822 0
823 0
824 0
825 0
826 0
827 0
828 0
829 0
830 0
831 0
832 0
833 0
834 0
835 0
836 0
837 0
838 0
839 0
840 0
841 0
842 0
843 0
844 0
845 0
846 0
847 0
848 0
849 0
850 0
851 0
852 0
853 0
854 0
855 0
856 0
857 0
858 0
859 0
860 0
861 0
862 0
863 0
864 0
865 0
866 0
867 0
868 0
869 0
870 0
871 0
872 0
873 0
874 0
875 0
876 0
877 0
878 0
879 0
880 0
881 0
882 0
883 0
884 0
885 0
886 0
887 0
888 0
889 0
890 0
891 0
892 0
893 0
894 0
895 0
896 0
897 0
898 0
899 0
900 0
901 0
902 0
903 0
904 0
905 0
906 0
907 0
908 0
909 0
910 0
911 0
912 0
913 0
914 0
915 0
916 0
917 0
918 0
919 0
920 0
921 0
922 0
923 0
924 0
925 0
926 0
927 0
928 0
929 0
930 0
931 0
932 0
933 0
934 0
935 0
936 0
937 0
938 0
939 0
940 0
941 0
942 0
943 0
944 0
945 0
946 0
947 0
948 0
949 0
950 0
951 0
952 0
953 0
954 0
955 0
956 0
957 0
958 0
959 0
960 0
961 0
962 0
963 0
964 0
965 0
966 0
967 0
968 0
969 0
970 0
971 0
972 0
973 0
974 0
975 0
976 0
977 0
978 0
979 0
980 0
981 0
982 0
983 0
984 0
985 0
986 0
987 0
988 0
989 0
990 0
991 0
992 0
993 0
994 0
995 0
996 0
997 0
998 0
999 0
