0	1816	406
1	1790	394
2	153	103
3	228	115
4	95	52
5	129	70
6	277	167
7	127	95
8	260	160
9	122	66
10	98	74
11	25	17
12	143	82
13	46	42
14	213	105
15	110	53
16	202	101
17	48	27
18	166	119
19	55	30
20	70	60
21	200	105
22	369	164
23	167	92
24	92	78
25	30	24
26	108	46
27	127	88
28	392	206
29	224	93
30	245	126
31	28	27
32	299	157
33	54	38
34	113	48
35	319	163
36	83	28
37	63	25
38	172	86
39	245	124
40	22	21
41	217	83
42	403	229
43	93	54
44	30	19
45	213	82
46	399	269
47	223	93
48	109	57
49	72	34
50	78	49
51	223	33
52	366	139
53	38	16
54	250	153
55	57	18
56	229	62
57	127	38
58	61	22
59	401	222
60	193	44
61	50	41
62	96	56
63	170	82
64	145	45
65	197	109
66	235	94
67	328	119
68	283	89
69	106	60
70	72	27
71	129	81
72	71	28
73	20	8
74	83	40
75	201	18
76	164	102
77	296	101
78	46	27
79	176	81
80	105	60
81	102	79
82	111	29
83	227	160
84	95	60
85	87	46
86	90	51
87	298	166
88	74	41
89	164	59
90	84	35
91	41	16
92	214	95
93	194	88
94	37	19
95	67	47
96	32	22
97	75	47
98	133	78
99	220	131
100	553	228
101	61	40
102	101	54
103	442	194
104	175	110
105	225	58
106	211	128
107	413	199
108	249	153
109	99	35
110	202	120
111	177	120
112	340	172
113	119	82
114	358	139
115	155	99
116	66	18
117	98	55
118	244	111
119	113	67
120	200	127
121	177	86
122	150	47
123	252	87
124	184	100
125	316	143
126	140	87
127	157	71
128	114	71
129	61	33
130	84	52
131	99	77
132	201	106
133	150	105
134	52	18
135	224	49
136	242	112
137	34	24
138	57	44
139	83	34
140	242	128
141	129	38
142	135	81
143	304	111
144	140	28
145	150	66
146	192	68
147	248	73
148	80	14
149	153	71
150	132	90
151	130	73
152	14	10
153	14	9
154	75	17
155	402	215
156	575	281
157	283	118
158	63	48
159	261	104
160	603	219
161	36	27
162	59	18
163	30	7
164	79	13
165	60	14
166	45	5
167	676	205
168	234	75
169	30	9
170	45	17
171	323	127
172	1288	385
173	1100	186
174	1138	194
175	106	41
176	71	25
177	117	62
178	201	51
179	135	48
180	48	28
181	12	7
182	67	25
183	14	10
184	53	33
185	184	36
186	61	26
187	51	11
188	184	17
189	106	48
190	51	30
191	182	44
192	99	32
193	71	27
194	63	27
195	75	16
196	78	35
197	101	30
198	146	69
199	104	56
200	102	29
201	39	11
202	46	19
203	89	31
204	54	20
205	50	14
206	209	40
207	114	26
208	62	25
209	74	23
210	73	26
211	170	50
212	122	43
213	86	34
214	153	67
215	6	6
216	56	33
217	149	37
218	50	26
219	220	50
220	54	29
221	64	25
222	102	29
223	63	17
224	118	45
225	8	6
226	3	3
227	1	1
228	0	0
229	3	3
230	19	9
231	15	10
232	0	0
233	11	8
234	4	4
235	101	16
236	99	31
237	79	32
238	328	42
239	63	14
240	97	30
241	147	17
242	161	20
243	222	37
244	190	39
245	214	113
246	2163	367
247	2186	378
248	170	86
249	179	109
250	66	38
251	205	125
252	144	68
253	99	65
254	158	101
255	75	59
256	135	85
257	182	107
258	131	85
259	145	95
260	238	122
261	153	78
262	145	73
263	293	157
264	192	104
265	163	108
266	224	114
267	22	13
268	88	48
269	155	90
270	69	50
271	155	102
272	165	98
273	102	20
274	70	51
275	124	52
276	19	17
277	138	98
278	170	85
279	132	91
280	224	124
281	165	89
282	131	81
283	87	65
284	95	71
285	486	215
286	33	33
287	71	45
288	69	50
289	155	105
290	145	92
291	234	135
292	188	81
293	135	91
294	144	97
295	152	93
296	83	52
297	137	66
298	67	22
299	238	120
300	50	31
301	98	79
302	116	87
303	183	109
304	145	77
305	90	17
306	83	55
307	134	70
308	219	118
309	59	33
310	42	21
311	236	134
312	29	9
313	39	24
314	123	47
315	87	49
316	206	102
317	104	80
318	44	30
319	61	32
320	30	14
321	157	83
322	90	33
323	155	90
324	130	76
325	116	73
326	199	87
327	210	129
328	168	77
329	165	102
330	190	98
331	52	31
332	25	10
333	93	67
334	202	111
335	112	87
336	244	103
337	69	33
338	117	83
339	129	66
340	105	73
341	210	125
342	143	100
343	122	59
344	64	8
345	425	195
346	158	79
347	80	39
348	12	7
349	366	166
350	2	2
351	105	44
352	86	40
353	130	59
354	165	76
355	15	9
356	5	4
357	7	6
358	365	176
359	93	46
360	41	17
361	69	15
362	110	60
363	280	120
364	875	269
365	534	209
366	107	47
367	457	157
368	785	244
369	1199	266
370	1244	274
371	125	72
372	30	15
373	91	40
374	52	30
375	93	66
376	40	33
377	42	33
378	90	51
379	85	54
380	187	69
381	125	68
382	40	28
383	181	68
384	49	35
385	45	19
386	106	46
387	55	21
388	184	116
389	33	25
390	50	29
391	45	24
392	70	21
393	89	48
394	32	9
395	110	45
396	40	12
397	43	18
398	236	136
399	113	51
400	83	50
401	52	40
402	26	12
403	175	55
404	102	55
405	102	37
406	143	58
407	10	6
408	75	49
409	24	20
410	93	44
411	118	63
412	144	92
413	30	20
414	118	26
415	62	51
416	140	74
417	38	22
418	97	65
419	55	28
420	48	38
421	177	77
422	112	49
423	117	68
424	174	102
425	60	13
426	365	176
427	74	28
428	124	85
429	26	9
430	87	38
431	142	69
432	69	46
433	133	74
434	138	90
435	91	43
436	67	40
437	38	12
438	37	12
439	74	35
440	63	51
441	183	100
442	225	88
443	166	101
444	214	58
445	72	31
446	145	67
447	122	62
448	159	82
449	36	17
450	105	57
451	139	72
452	42	26
453	105	64
454	56	12
455	109	54
456	73	41
457	98	59
458	41	30
459	152	74
460	130	65
461	55	31
462	151	60
463	71	8
464	21	9
465	62	29
466	56	33
467	47	28
468	37	13
469	48	7
470	99	41
471	133	78
472	431	132
473	401	163
474	461	189
475	401	161
476	5	4
477	11	9
478	4	2
479	12	6
480	29	19
481	112	52
482	175	117
483	218	108
484	35	11
485	67	17
486	312	128
487	66	39
488	98	37
489	64	37
490	36	4
491	446	140
492	1381	394
493	1392	395
494	103	79
495	135	25
496	206	79
497	174	117
498	154	107
499	221	115
500	249	114
501	215	110
502	266	142
503	241	83
504	148	107
505	123	75
506	158	65
507	335	142
508	247	109
509	32	15
510	161	63
511	96	78
512	280	135
513	290	142
514	129	94
515	198	115
516	94	38
517	120	100
518	162	125
519	239	128
520	368	158
521	102	68
522	229	120
523	212	90
524	238	125
525	265	153
526	267	121
527	283	71
528	97	53
529	138	95
530	300	131
531	203	124
532	171	89
533	333	173
534	123	80
535	148	99
536	139	88
537	139	109
538	338	150
539	421	148
540	261	158
541	183	74
542	267	110
543	162	64
544	77	55
545	284	149
546	281	114
547	99	78
548	72	53
549	65	25
550	184	140
551	166	88
552	169	109
553	105	77
554	145	108
555	120	75
556	227	71
557	69	17
558	198	103
559	145	111
560	85	77
561	43	29
562	299	167
563	146	75
564	229	148
565	239	123
566	89	66
567	49	43
568	161	70
569	218	132
570	53	28
571	120	64
572	162	85
573	29	8
574	265	161
575	127	51
576	122	62
577	168	96
578	169	23
579	57	25
580	246	115
581	161	98
582	151	106
583	216	91
584	196	103
585	332	166
586	237	136
587	191	96
588	242	92
589	310	137
590	180	122
591	132	60
592	338	154
593	189	141
594	6	4
595	12	8
596	8	6
597	11	6
598	3	3
599	0	0
600	161	20
601	29	16
602	19	11
603	11	8
604	93	22
605	506	193
606	291	61
607	121	21
608	21	14
609	519	196
610	180	21
611	103	41
612	403	120
613	407	121
614	245	157
615	1906	469
616	1882	443
617	94	59
618	168	99
619	197	135
620	51	32
621	116	61
622	208	83
623	207	111
624	204	127
625	136	110
626	31	7
627	250	116
628	60	49
629	94	74
630	182	119
631	56	15
632	152	73
633	77	42
634	102	69
635	104	61
636	231	137
637	65	44
638	281	143
639	243	130
640	109	85
641	107	44
642	29	17
643	179	112
644	21	9
645	114	75
646	172	112
647	234	87
648	105	62
649	416	223
650	118	80
651	194	124
652	314	192
653	349	185
654	213	119
655	164	108
656	310	192
657	228	111
658	237	143
659	88	52
660	83	35
661	202	129
662	73	46
663	300	183
664	208	121
665	131	113
666	108	57
667	188	99
668	286	160
669	88	54
670	238	145
671	99	69
672	181	107
673	87	60
674	246	133
675	155	80
676	186	72
677	122	59
678	184	128
679	276	147
680	164	100
681	155	76
682	185	64
683	106	59
684	221	132
685	202	114
686	290	131
687	123	80
688	50	29
689	201	103
690	316	151
691	202	113
692	334	157
693	145	61
694	186	114
695	93	72
696	160	119
697	183	115
698	146	58
699	271	133
700	107	61
701	182	78
702	299	164
703	215	109
704	85	57
705	221	127
706	282	161
707	102	77
708	54	33
709	99	72
710	46	26
711	121	78
712	180	126
713	47	36
714	98	48
715	139	88
716	146	92
717	233	146
718	87	52
719	78	27
720	135	88
721	80	53
722	375	175
723	80	63
724	275	137
725	266	136
726	290	173
727	191	98
728	160	114
729	141	100
730	78	37
731	300	143
732	225	125
733	139	81
734	305	183
735	161	121
736	9	5
737	124	89
738	200	113
739	98	58
740	124	62
741	207	122
742	114	83
743	126	96
744	424	133
745	76	60
746	394	189
747	194	144
748	262	148
749	48	20
750	298	163
751	5	5
752	169	107
753	48	37
754	184	102
755	26	15
756	163	95
757	175	97
758	135	96
759	105	69
760	227	125
761	333	157
762	203	108
763	157	49
764	193	111
765	330	154
766	240	139
767	1	1
768	93	22
769	12	12
770	137	41
771	148	71
772	440	159
773	261	104
774	66	28
775	30	24
776	7	6
777	368	133
778	437	151
779	460	170
780	234	75
781	298	116
782	403	120
783	148	71
784	506	193
785	166	77
786	406	208
787	79	59
788	1635	459
789	1618	462
790	180	118
791	344	139
792	163	97
793	238	148
794	266	139
795	231	145
796	307	145
797	140	54
798	142	114
799	122	101
800	108	79
801	155	132
802	220	141
803	305	197
804	239	133
805	136	117
806	246	128
807	210	139
808	97	51
809	221	118
810	89	63
811	293	138
812	50	46
813	227	105
814	60	43
815	159	109
816	174	98
817	129	84
818	280	138
819	162	102
820	292	182
821	320	162
822	152	43
823	123	69
824	384	130
825	352	175
826	130	87
827	344	163
828	62	16
829	258	126
830	139	79
831	190	117
832	114	78
833	154	100
834	273	158
835	182	109
836	170	106
837	155	95
838	197	101
839	250	134
840	198	104
841	350	151
842	422	152
843	81	59
844	142	96
845	182	109
846	305	130
847	219	71
848	194	95
849	41	11
850	186	89
851	118	81
852	178	79
853	141	91
854	133	82
855	271	123
856	263	95
857	200	109
858	217	143
859	252	142
860	172	117
861	190	122
862	225	143
863	121	87
864	287	145
865	169	66
866	149	109
867	199	114
868	180	104
869	320	117
870	290	165
871	186	122
872	115	57
873	197	111
874	162	89
875	124	83
876	69	51
877	151	106
878	42	14
879	167	111
880	181	105
881	120	73
882	186	115
883	123	75
884	185	91
885	303	157
886	178	99
887	154	76
888	99	51
889	93	62
890	216	136
891	155	86
892	112	74
893	168	113
894	150	78
895	243	107
896	144	79
897	144	40
898	159	100
899	60	53
900	172	77
901	490	200
902	133	96
903	182	113
904	222	124
905	282	137
906	112	28
907	206	123
908	79	18
909	130	51
910	192	97
911	310	182
912	399	158
913	390	181
914	163	113
915	172	117
916	65	47
917	192	99
918	142	86
919	300	120
920	222	139
921	153	78
922	231	148
923	207	108
924	304	158
925	379	153
926	215	107
927	25	17
928	127	77
929	212	116
930	273	109
931	138	82
932	252	136
933	251	149
934	71	38
935	212	122
936	150	90
937	168	64
938	317	190
939	232	73
940	79	13
941	16	8
942	4	3
943	40	22
944	1	1
945	274	147
946	44	29
947	35	21
948	129	67
949	28	18
950	75	17
951	74	10
952	400	132
953	86	37
954	94	16
955	352	85
956	202	60
957	122	39
958	72	36
959	101	39
960	36	23
961	2346	565
962	2319	606
963	2338	583
964	2289	556
965	433	261
966	422	284
967	504	307
968	420	274
969	481	287
970	382	239
971	530	324
972	444	297
973	523	294
974	485	300
975	477	276
976	464	284
977	487	298
978	392	238
979	440	243
980	454	284
981	469	260
982	404	264
983	516	303
984	498	262
985	370	218
986	363	236
987	393	244
988	520	340
989	477	279
990	397	230
991	429	269
992	532	290
993	460	279
994	453	301
995	371	240
996	466	288
997	472	256
998	481	266
999	428	270
1000	524	315
1001	444	260
1002	414	264
1003	502	299
1004	500	253
1005	412	264
1006	492	290
1007	489	291
1008	405	247
1009	483	275
1010	439	278
1011	422	247
1012	490	313
1013	480	247
1014	404	255
1015	428	275
1016	475	299
1017	352	232
1018	483	263
1019	457	264
1020	414	268
1021	471	273
1022	459	275
1023	489	270
1024	440	239
1025	413	273
1026	474	302
1027	406	276
1028	513	281
1029	544	313
1030	514	268
1031	429	261
1032	412	251
1033	427	275
1034	457	269
1035	507	285
1036	528	298
1037	451	268
1038	455	257
1039	381	257
1040	459	260
1041	424	283
1042	367	231
1043	458	274
1044	530	311
1045	438	249
1046	546	311
1047	383	238
1048	404	250
1049	565	336
1050	458	287
1051	317	226
1052	435	275
1053	430	254
1054	424	276
1055	453	275
1056	431	259
1057	437	268
1058	447	269
1059	427	268
1060	439	257
1061	459	278
1062	501	304
1063	539	333
1064	428	260
1065	390	231
1066	438	262
1067	430	269
1068	489	274
1069	420	266
1070	520	295
1071	399	249
1072	425	270
1073	349	228
1074	514	289
1075	416	265
1076	446	284
1077	482	285
1078	547	292
1079	461	274
1080	437	235
1081	365	229
1082	453	275
1083	476	265
1084	401	257
1085	420	286
1086	389	243
1087	376	251
1088	480	272
1089	406	255
1090	487	285
1091	385	249
1092	455	305
1093	403	241
1094	380	233
1095	391	239
1096	458	268
1097	503	257
1098	416	255
1099	419	261
1100	443	290
1101	480	311
1102	430	272
1103	548	290
1104	450	255
1105	403	230
1106	424	277
1107	490	268
1108	403	246
1109	445	282
1110	416	264
1111	374	247
1112	403	220
1113	456	274
1114	391	239
1115	415	253
1116	480	301
1117	419	231
1118	431	246
1119	454	283
1120	446	280
1121	533	271
1122	440	289
1123	487	295
1124	537	312
1125	411	272
1126	465	280
1127	406	259
1128	450	277
1129	453	261
1130	404	257
1131	448	287
1132	331	212
1133	447	267
1134	490	275
1135	571	291
1136	513	298
1137	458	277
1138	546	304
1139	445	250
1140	390	265
1141	396	243
1142	487	268
1143	458	273
1144	472	269
1145	483	286
1146	477	272
1147	582	333
1148	471	293
1149	417	281
1150	526	302
1151	379	248
1152	492	317
1153	385	228
1154	354	235
1155	432	273
1156	422	252
1157	433	253
1158	499	312
1159	479	273
1160	447	276
1161	521	303
1162	387	227
1163	338	218
1164	413	267
1165	1988	575
1166	1862	631
1167	1832	558
1168	1928	623
1169	1682	595
1170	1725	587
1171	1981	593
1172	1762	576
1173	1736	587
1174	1671	583
