0	12713
1	4626
2	3433
3	2305
4	1915
5	1578
6	1457
7	1181
8	1078
9	891
10	914
11	756
12	671
13	670
14	590
15	564
16	492
17	431
18	474
19	406
20	349
21	343
22	364
23	325
24	344
25	317
26	317
27	259
28	267
29	276
30	236
31	226
32	253
33	205
34	238
35	214
36	187
37	190
38	187
39	215
40	183
41	189
42	173
43	181
44	154
45	160
46	186
47	166
48	142
49	141
50	140
51	135
52	122
53	109
54	126
55	97
56	105
57	115
58	98
59	123
60	126
61	99
62	111
63	88
64	112
65	93
66	96
67	88
68	96
69	88
70	80
71	73
72	90
73	62
74	71
75	84
76	81
77	70
78	69
79	65
80	86
81	67
82	77
83	62
84	64
85	60
86	49
87	52
88	51
89	77
90	56
91	53
92	60
93	53
94	60
95	44
96	49
97	46
98	40
99	42
100	52
101	55
102	50
103	49
104	46
105	50
106	39
107	43
108	39
109	53
110	45
111	44
112	39
113	37
114	38
115	31
116	34
117	39
118	33
119	30
120	36
121	40
122	35
123	33
124	39
125	29
126	37
127	34
128	37
129	33
130	30
131	35
132	30
133	37
134	31
135	27
136	30
137	29
138	22
139	35
140	30
141	32
142	21
143	18
144	34
145	19
146	20
147	19
148	36
149	28
150	18
151	22
152	15
153	20
154	23
155	18
156	27
157	25
158	27
159	17
160	20
161	18
162	19
163	10
164	14
165	21
166	20
167	17
168	20
169	15
170	18
171	12
172	17
173	14
174	10
175	19
176	11
177	16
178	19
179	16
180	17
181	15
182	16
183	19
184	15
185	12
186	14
187	16
188	14
189	10
190	10
191	12
192	10
193	12
194	11
195	19
196	15
197	14
198	11
199	14
200	16
201	12
202	12
203	13
204	16
205	7
206	8
207	9
208	8
209	7
210	15
211	4
212	6
213	7
214	12
215	12
216	11
217	11
218	8
219	12
220	15
221	6
222	14
223	13
224	13
225	8
226	13
227	12
228	14
229	8
230	12
231	10
232	12
233	5
234	7
235	8
236	6
237	7
238	7
239	11
240	10
241	3
242	5
243	6
244	4
245	4
246	5
247	7
248	3
249	4
250	6
251	13
252	2
253	5
254	8
255	9
256	3
257	6
258	5
259	12
260	7
261	6
262	5
263	6
264	7
265	4
266	7
267	3
268	5
269	4
270	4
271	5
272	4
273	4
274	5
275	4
276	5
277	5
278	5
279	2
280	3
281	4
282	8
283	1
284	7
285	5
286	4
287	8
288	4
289	3
290	5
291	4
292	9
293	6
294	5
295	8
296	7
297	5
298	2
299	2
300	4
301	4
302	3
303	3
304	11
305	7
306	5
307	1
308	7
309	3
310	5
311	6
312	4
313	4
314	10
315	4
316	2
317	3
318	2
319	3
320	3
321	3
322	8
323	4
324	3
325	5
326	4
327	8
328	9
329	4
330	4
331	4
332	4
333	5
334	7
335	3
336	5
337	3
338	3
339	4
340	2
341	3
342	6
343	6
344	7
345	2
346	3
347	3
348	5
349	9
350	4
351	3
352	1
353	5
354	3
355	5
356	4
357	4
358	5
359	1
360	4
361	3
362	5
363	2
364	2
365	2
366	3
367	6
368	2
369	1
370	2
371	4
372	2
373	5
374	2
375	4
376	4
377	4
378	8
379	3
380	3
381	5
382	6
383	1
384	5
385	4
386	1
387	1
388	7
389	2
390	4
391	4
392	3
393	4
394	3
395	6
396	2
397	3
398	3
399	3
400	1
401	4
402	2
403	3
404	3
405	1
406	1
407	2
408	3
409	6
410	3
411	4
412	1
413	2
414	3
415	0
416	2
417	1
418	5
419	3
420	4
421	3
422	3
423	3
424	6
425	4
426	1
427	3
428	2
429	3
430	0
431	2
432	2
433	1
434	2
435	0
436	1
437	1
438	6
439	5
440	5
441	3
442	2
443	2
444	4
445	1
446	4
447	0
448	2
449	2
450	4
451	1
452	0
453	3
454	1
455	2
456	3
457	0
458	1
459	2
460	2
461	3
462	3
463	2
464	1
465	2
466	1
467	1
468	0
469	2
470	5
471	1
472	3
473	0
474	1
475	2
476	2
477	1
478	2
479	3
480	2
481	0
482	0
483	3
484	3
485	1
486	1
487	1
488	3
489	1
490	1
491	1
492	0
493	1
494	3
495	1
496	2
497	2
498	2
499	0
500	1
501	1
502	2
503	3
504	4
505	1
506	4
507	4
508	4
509	1
510	2
511	2
512	1
513	1
514	0
515	3
516	1
517	1
518	1
519	1
520	2
521	1
522	5
523	0
524	1
525	2
526	0
527	1
528	3
529	2
530	1
531	2
532	2
533	1
534	1
535	1
536	1
537	0
538	1
539	2
540	1
541	2
542	6
543	0
544	0
545	4
546	4
547	1
548	4
549	0
550	1
551	0
552	0
553	0
554	1
555	4
556	2
557	1
558	0
559	1
560	3
561	0
562	0
563	0
564	0
565	0
566	1
567	0
568	0
569	2
570	3
571	1
572	1
573	2
574	1
575	1
576	0
577	2
578	1
579	1
580	2
581	0
582	1
583	0
584	0
585	0
586	0
587	0
588	1
589	0
590	0
591	2
592	1
593	1
594	0
595	0
596	0
597	1
598	0
599	1
600	0
601	0
602	0
603	0
604	1
605	1
606	0
607	1
608	0
609	1
610	0
611	1
612	0
613	0
614	2
615	0
616	0
617	1
618	1
619	1
620	0
621	1
622	1
623	3
624	3
625	0
626	0
627	0
628	1
629	1
630	0
631	0
632	0
633	1
634	0
635	0
636	1
637	1
638	1
639	1
640	1
641	1
642	1
643	0
644	0
645	1
646	0
647	0
648	0
649	0
650	1
651	0
652	1
653	0
654	0
655	2
656	1
657	0
658	1
659	1
660	1
661	0
662	1
663	1
664	1
665	0
666	0
667	1
668	1
669	0
670	0
671	0
672	1
673	1
674	0
675	0
676	1
677	0
678	0
679	0
680	0
681	0
682	0
683	0
684	0
685	0
686	0
687	1
688	1
689	0
690	0
691	0
692	0
693	1
694	0
695	0
696	0
697	0
698	1
699	0
700	0
701	0
702	1
703	1
704	0
705	0
706	0
707	0
708	0
709	0
710	1
711	1
712	0
713	0
714	0
715	1
716	0
717	1
718	0
719	0
720	0
721	0
722	0
723	0
724	1
725	0
726	0
727	0
728	0
729	0
730	1
731	0
732	0
733	0
734	0
735	0
736	0
737	0
738	0
739	0
740	0
741	0
742	0
743	1
744	0
745	1
746	0
747	0
748	0
749	1
750	0
751	0
752	0
753	0
754	0
755	0
756	0
757	0
758	0
759	0
760	0
761	0
762	1
763	0
764	0
765	0
766	0
767	0
768	0
769	0
770	0
771	0
772	0
773	0
774	0
775	0
776	1
777	0
778	0
779	0
780	0
781	0
782	0
783	0
784	1
785	0
786	0
787	0
788	0
789	0
790	0
791	0
792	0
793	0
794	0
795	0
796	0
797	0
798	0
799	0
800	0
801	1
802	0
803	0
804	0
805	1
806	0
807	0
808	0
809	0
810	0
811	0
812	0
813	0
814	0
815	0
816	0
817	0
818	1
