0	36028
1	16211
2	12214
3	8926
4	7737
5	6516
6	5807
7	5242
8	4862
9	4303
10	3933
11	3668
12	3280
13	3178
14	2845
15	2712
16	2423
17	2230
18	2261
19	2113
20	1917
21	1964
22	1799
23	1801
24	1736
25	1678
26	1636
27	1581
28	1471
29	1437
30	1351
31	1343
32	1300
33	1307
34	1302
35	1253
36	1198
37	1219
38	1164
39	1174
40	1135
41	1201
42	1051
43	1062
44	1054
45	1007
46	1073
47	970
48	962
49	943
50	953
51	898
52	947
53	892
54	953
55	916
56	865
57	855
58	873
59	858
60	823
61	735
62	829
63	777
64	784
65	822
66	749
67	741
68	748
69	739
70	708
71	696
72	719
73	729
74	710
75	757
76	659
77	614
78	651
79	639
80	666
81	665
82	645
83	629
84	645
85	619
86	593
87	536
88	590
89	581
90	571
91	591
92	568
93	522
94	561
95	561
96	548
97	523
98	531
99	508
100	515
101	560
102	543
103	525
104	549
105	514
106	501
107	516
108	540
109	508
110	500
111	522
112	506
113	470
114	507
115	459
116	459
117	439
118	431
119	472
120	429
121	488
122	432
123	440
124	427
125	457
126	475
127	430
128	411
129	432
130	436
131	419
132	442
133	454
134	424
135	389
136	403
137	391
138	379
139	416
140	417
141	397
142	388
143	376
144	378
145	358
146	376
147	362
148	378
149	410
150	367
151	394
152	372
153	387
154	367
155	362
156	406
157	343
158	340
159	386
160	331
161	401
162	359
163	370
164	371
165	351
166	367
167	338
168	372
169	347
170	321
171	331
172	331
173	361
174	332
175	297
176	326
177	335
178	316
179	363
180	310
181	352
182	315
183	324
184	301
185	283
186	282
187	328
188	280
189	289
190	277
191	259
192	254
193	275
194	291
195	291
196	245
197	310
198	260
199	305
200	267
201	273
202	259
203	309
204	285
205	282
206	256
207	239
208	294
209	283
210	253
211	281
212	236
213	253
214	255
215	241
216	258
217	277
218	263
219	230
220	251
221	229
222	203
223	231
224	259
225	251
226	230
227	218
228	248
229	248
230	242
231	235
232	213
233	250
234	226
235	229
236	226
237	226
238	194
239	212
240	231
241	218
242	206
243	202
244	237
245	212
246	213
247	186
248	213
249	205
250	192
251	211
252	191
253	225
254	202
255	180
256	191
257	209
258	205
259	234
260	178
261	198
262	214
263	206
264	184
265	182
266	171
267	169
268	167
269	181
270	177
271	198
272	183
273	180
274	163
275	187
276	190
277	165
278	189
279	191
280	150
281	173
282	177
283	139
284	169
285	193
286	151
287	183
288	155
289	158
290	162
291	159
292	193
293	179
294	150
295	149
296	150
297	154
298	161
299	155
300	140
301	156
302	159
303	165
304	158
305	143
306	148
307	138
308	175
309	153
310	159
311	151
312	154
313	150
314	156
315	136
316	163
317	168
318	149
319	141
320	155
321	141
322	136
323	138
324	140
325	129
326	137
327	138
328	146
329	141
330	130
331	122
332	137
333	134
334	140
335	123
336	140
337	121
338	139
339	151
340	128
341	141
342	127
343	125
344	128
345	120
346	110
347	137
348	119
349	119
350	116
351	133
352	135
353	123
354	134
355	108
356	126
357	126
358	112
359	133
360	109
361	130
362	129
363	111
364	106
365	125
366	107
367	143
368	116
369	133
370	110
371	121
372	104
373	115
374	147
375	104
376	123
377	103
378	94
379	102
380	113
381	131
382	113
383	111
384	108
385	127
386	108
387	121
388	118
389	114
390	109
391	120
392	100
393	112
394	91
395	96
396	91
397	93
398	96
399	97
400	95
401	106
402	81
403	88
404	97
405	115
406	129
407	114
408	102
409	101
410	90
411	107
412	116
413	111
414	81
415	78
416	96
417	87
418	97
419	79
420	86
421	103
422	92
423	83
424	105
425	89
426	98
427	97
428	83
429	83
430	94
431	99
432	106
433	87
434	98
435	90
436	102
437	87
438	93
439	101
440	67
441	101
442	73
443	84
444	76
445	70
446	73
447	68
448	85
449	79
450	86
451	70
452	76
453	81
454	69
455	73
456	65
457	75
458	72
459	83
460	70
461	61
462	70
463	79
464	63
465	60
466	75
467	72
468	80
469	81
470	70
471	64
472	71
473	75
474	66
475	71
476	90
477	67
478	49
479	77
480	80
481	68
482	68
483	69
484	68
485	54
486	78
487	74
488	67
489	66
490	68
491	55
492	66
493	60
494	73
495	72
496	68
497	71
498	63
499	63
500	66
501	63
502	59
503	66
504	78
505	55
506	54
507	66
508	69
509	52
510	57
511	63
512	60
513	64
514	60
515	66
516	50
517	59
518	47
519	64
520	58
521	61
522	68
523	55
524	60
525	60
526	71
527	50
528	53
529	61
530	67
531	62
532	57
533	53
534	52
535	58
536	47
537	53
538	48
539	68
540	43
541	52
542	63
543	62
544	63
545	52
546	59
547	50
548	50
549	54
550	54
551	53
552	45
553	46
554	46
555	55
556	36
557	44
558	49
559	43
560	45
561	60
562	40
563	38
564	47
565	42
566	51
567	47
568	51
569	41
570	47
571	65
572	49
573	46
574	39
575	45
576	42
577	38
578	48
579	54
580	52
581	44
582	40
583	48
584	40
585	42
586	53
587	43
588	50
589	33
590	41
591	48
592	51
593	45
594	39
595	36
596	46
597	43
598	33
599	35
600	28
601	53
602	38
603	43
604	33
605	38
606	42
607	37
608	44
609	46
610	34
611	33
612	36
613	42
614	37
615	44
616	24
617	46
618	24
619	44
620	39
621	31
622	28
623	30
624	29
625	28
626	39
627	40
628	31
629	42
630	39
631	48
632	45
633	31
634	42
635	31
636	31
637	39
638	26
639	35
640	42
641	33
642	37
643	40
644	39
645	38
646	37
647	29
648	43
649	49
650	38
651	32
652	46
653	31
654	34
655	36
656	25
657	37
658	37
659	35
660	28
661	41
662	23
663	34
664	29
665	35
666	28
667	37
668	24
669	19
670	41
671	29
672	30
673	38
674	32
675	34
676	42
677	36
678	32
679	27
680	37
681	35
682	42
683	26
684	24
685	28
686	33
687	30
688	35
689	27
690	38
691	34
692	26
693	32
694	26
695	30
696	28
697	32
698	19
699	27
700	34
701	24
702	28
703	23
704	28
705	31
706	34
707	25
708	26
709	25
710	24
711	20
712	26
713	30
714	31
715	28
716	26
717	29
718	27
719	38
720	28
721	29
722	27
723	24
724	22
725	37
726	24
727	27
728	29
729	34
730	17
731	27
732	22
733	23
734	17
735	25
736	20
737	26
738	30
739	28
740	34
741	27
742	22
743	19
744	23
745	30
746	30
747	29
748	26
749	14
750	25
751	22
752	17
753	19
754	20
755	20
756	18
757	24
758	22
759	17
760	21
761	19
762	23
763	17
764	29
765	19
766	12
767	23
768	13
769	22
770	21
771	15
772	21
773	20
774	14
775	24
776	19
777	19
778	19
779	25
780	22
781	22
782	18
783	18
784	27
785	12
786	27
787	17
788	23
789	22
790	18
791	9
792	16
793	20
794	10
795	14
796	20
797	18
798	24
799	18
800	19
801	13
802	20
803	14
804	26
805	16
806	24
807	15
808	23
809	13
810	11
811	16
812	21
813	17
814	11
815	19
816	14
817	30
818	14
819	16
820	17
821	19
822	22
823	14
824	18
825	12
826	14
827	23
828	18
829	18
830	13
831	16
832	18
833	12
834	11
835	11
836	13
837	14
838	26
839	21
840	14
841	20
842	18
843	14
844	14
845	7
846	17
847	19
848	13
849	16
850	21
851	13
852	12
853	9
854	17
855	12
856	18
857	15
858	10
859	11
860	12
861	9
862	11
863	9
864	11
865	13
866	17
867	14
868	14
869	18
870	18
871	19
872	21
873	9
874	14
875	9
876	19
877	11
878	13
879	16
880	14
881	15
882	13
883	21
884	12
885	13
886	14
887	13
888	12
889	6
890	9
891	20
892	8
893	15
894	10
895	12
896	12
897	15
898	17
899	13
900	13
901	12
902	13
903	14
904	9
905	13
906	18
907	10
908	16
909	11
910	8
911	8
912	13
913	15
914	14
915	10
916	13
917	15
918	11
919	13
920	15
921	15
922	9
923	7
924	11
925	10
926	12
927	14
928	8
929	10
930	6
931	9
932	8
933	13
934	10
935	14
936	9
937	8
938	8
939	13
940	12
941	5
942	12
943	12
944	9
945	6
946	8
947	8
948	11
949	10
950	11
951	8
952	9
953	12
954	12
955	11
956	6
957	9
958	13
959	14
960	19
961	16
962	16
963	8
964	11
965	5
966	16
967	4
968	13
969	18
970	12
971	14
972	10
973	9
974	13
975	13
976	19
977	5
978	14
979	13
980	13
981	11
982	9
983	9
984	10
985	6
986	8
987	13
988	8
989	6
990	10
991	8
992	11
993	13
994	18
995	11
996	7
997	9
998	9
999	11
1000	10
1001	10
1002	12
1003	14
1004	4
1005	8
1006	11
1007	10
1008	10
1009	5
1010	6
1011	7
1012	6
1013	14
1014	8
1015	12
1016	9
1017	6
1018	10
1019	5
1020	7
1021	15
1022	17
1023	10
1024	17
1025	14
1026	11
1027	10
1028	6
1029	6
1030	13
1031	7
1032	10
1033	13
1034	6
1035	9
1036	10
1037	11
1038	9
1039	11
1040	8
1041	6
1042	9
1043	6
1044	17
1045	14
1046	8
1047	11
1048	12
1049	12
1050	16
1051	10
1052	9
1053	5
1054	7
1055	6
1056	11
1057	16
1058	14
1059	11
1060	7
1061	7
1062	11
1063	14
1064	9
1065	8
1066	12
1067	11
1068	10
1069	11
1070	11
1071	12
1072	10
1073	16
1074	12
1075	15
1076	13
1077	5
1078	5
1079	13
1080	8
1081	10
1082	3
1083	6
1084	9
1085	3
1086	7
1087	6
1088	6
1089	5
1090	3
1091	10
1092	7
1093	6
1094	9
1095	6
1096	13
1097	6
1098	9
1099	14
1100	9
1101	11
1102	8
1103	7
1104	8
1105	10
1106	4
1107	9
1108	5
1109	3
1110	7
1111	16
1112	8
1113	10
1114	14
1115	11
1116	9
1117	9
1118	5
1119	5
1120	12
1121	9
1122	12
1123	12
1124	9
1125	10
1126	5
1127	11
1128	7
1129	14
1130	11
1131	9
1132	7
1133	7
1134	12
1135	3
1136	8
1137	6
1138	3
1139	9
1140	5
1141	5
1142	9
1143	8
1144	11
1145	7
1146	9
1147	13
1148	7
1149	11
1150	8
1151	8
1152	10
1153	11
1154	5
1155	6
1156	4
1157	11
1158	11
1159	10
1160	5
1161	9
1162	6
1163	8
1164	13
1165	9
1166	9
1167	9
1168	6
1169	12
1170	12
1171	5
1172	13
1173	5
1174	4
1175	10
1176	12
1177	9
1178	11
1179	7
1180	5
1181	4
1182	7
1183	4
1184	8
1185	3
1186	12
1187	1
1188	8
1189	5
1190	10
1191	13
1192	9
1193	9
1194	5
1195	9
1196	7
1197	7
1198	5
1199	6
1200	7
1201	5
1202	5
1203	2
1204	8
1205	6
1206	5
1207	6
1208	8
1209	6
1210	6
1211	8
1212	5
1213	6
1214	9
1215	8
1216	5
1217	11
1218	9
1219	7
1220	5
1221	5
1222	6
1223	13
1224	4
1225	5
1226	7
1227	10
1228	7
1229	4
1230	7
1231	11
1232	5
1233	8
1234	7
1235	8
1236	11
1237	6
1238	5
1239	12
1240	10
1241	7
1242	5
1243	9
1244	7
1245	8
1246	8
1247	12
1248	10
1249	8
1250	5
1251	4
1252	11
1253	6
1254	6
1255	14
1256	4
1257	6
1258	8
1259	7
1260	11
1261	17
1262	8
1263	9
1264	5
1265	6
1266	6
1267	9
1268	5
1269	2
1270	14
1271	7
1272	9
1273	8
1274	11
1275	18
1276	10
1277	4
1278	10
1279	14
1280	9
1281	12
1282	11
1283	9
1284	3
1285	11
1286	3
1287	5
1288	10
1289	9
1290	8
1291	7
1292	5
1293	9
1294	6
1295	5
1296	6
1297	5
1298	7
1299	6
1300	11
1301	10
1302	8
1303	4
1304	6
1305	8
1306	13
1307	5
1308	10
1309	7
1310	6
1311	7
1312	6
1313	11
1314	8
1315	6
1316	4
1317	3
1318	8
1319	7
1320	6
1321	7
1322	11
1323	4
1324	3
1325	7
1326	10
1327	5
1328	5
1329	9
1330	9
1331	5
1332	6
1333	9
1334	10
1335	6
1336	10
1337	5
1338	5
1339	6
1340	7
1341	5
1342	9
1343	4
1344	5
1345	11
1346	6
1347	4
1348	7
1349	5
1350	5
1351	5
1352	10
1353	5
1354	5
1355	6
1356	3
1357	9
1358	9
1359	5
1360	2
1361	4
1362	7
1363	5
1364	13
1365	11
1366	5
1367	3
1368	4
1369	5
1370	7
1371	9
1372	7
1373	5
1374	11
1375	7
1376	4
1377	6
1378	3
1379	2
1380	4
1381	7
1382	4
1383	10
1384	3
1385	5
1386	7
1387	7
1388	6
1389	6
1390	5
1391	5
1392	5
1393	8
1394	4
1395	9
1396	4
1397	7
1398	5
1399	7
1400	3
1401	10
1402	4
1403	7
1404	12
1405	6
1406	2
1407	6
1408	5
1409	8
1410	9
1411	9
1412	6
1413	9
1414	3
1415	4
1416	5
1417	3
1418	5
1419	0
1420	8
1421	6
1422	5
1423	0
1424	3
1425	4
1426	6
1427	5
1428	3
1429	4
1430	3
1431	6
1432	7
1433	8
1434	9
1435	2
1436	3
1437	7
1438	5
1439	7
1440	10
1441	0
1442	7
1443	7
1444	4
1445	4
1446	6
1447	8
1448	4
1449	6
1450	6
1451	7
1452	6
1453	7
1454	3
1455	5
1456	3
1457	5
1458	7
1459	4
1460	8
1461	6
1462	10
1463	2
1464	10
1465	10
1466	7
1467	4
1468	3
1469	2
1470	3
1471	5
1472	3
1473	5
1474	4
1475	6
1476	5
1477	8
1478	9
1479	3
1480	5
1481	2
1482	2
1483	5
1484	5
1485	4
1486	2
1487	5
1488	6
1489	6
1490	8
1491	1
1492	4
1493	11
1494	6
1495	7
1496	7
1497	7
1498	7
1499	2
1500	1
1501	9
1502	5
1503	7
1504	4
1505	10
1506	6
1507	2
1508	5
1509	9
1510	4
1511	3
1512	7
1513	4
1514	4
1515	8
1516	2
1517	2
1518	1
1519	5
1520	3
1521	3
1522	4
1523	7
1524	6
1525	4
1526	7
1527	6
1528	7
1529	5
1530	2
1531	4
1532	1
1533	3
1534	3
1535	4
1536	7
1537	4
1538	12
1539	6
1540	5
1541	5
1542	6
1543	3
1544	5
1545	5
1546	7
1547	2
1548	4
1549	2
1550	3
1551	3
1552	6
1553	1
1554	8
1555	6
1556	2
1557	2
1558	3
1559	9
1560	4
1561	10
1562	3
1563	2
1564	5
1565	7
1566	4
1567	3
1568	6
1569	4
1570	3
1571	6
1572	2
1573	3
1574	3
1575	3
1576	2
1577	4
1578	5
1579	4
1580	4
1581	2
1582	4
1583	10
1584	6
1585	3
1586	5
1587	2
1588	2
1589	5
1590	4
1591	5
1592	6
1593	4
1594	3
1595	3
1596	5
1597	7
1598	5
1599	4
1600	2
1601	3
1602	5
1603	5
1604	6
1605	10
1606	3
1607	9
1608	5
1609	4
1610	3
1611	2
1612	7
1613	3
1614	3
1615	4
1616	5
1617	4
1618	5
1619	3
1620	7
1621	5
1622	4
1623	4
1624	6
1625	3
1626	5
1627	5
1628	4
1629	5
1630	4
1631	2
1632	2
1633	4
1634	2
1635	5
1636	6
1637	3
1638	7
1639	1
1640	4
1641	3
1642	1
1643	3
1644	3
1645	2
1646	3
1647	4
1648	5
1649	6
1650	7
1651	7
1652	3
1653	9
1654	4
1655	4
1656	4
1657	8
1658	3
1659	5
1660	5
1661	4
1662	3
1663	7
1664	5
1665	1
1666	4
1667	2
1668	3
1669	4
1670	0
1671	3
1672	3
1673	1
1674	4
1675	5
1676	4
1677	6
1678	4
1679	7
1680	3
1681	3
1682	8
1683	9
1684	8
1685	2
1686	5
1687	2
1688	8
1689	5
1690	7
1691	2
1692	6
1693	3
1694	7
1695	3
1696	2
1697	2
1698	2
1699	3
1700	7
1701	3
1702	3
1703	3
1704	2
1705	1
1706	6
1707	4
1708	3
1709	3
1710	1
1711	3
1712	4
1713	1
1714	3
1715	7
1716	6
1717	5
1718	4
1719	2
1720	4
1721	1
1722	3
1723	3
1724	8
1725	2
1726	1
1727	4
1728	5
1729	5
1730	9
1731	7
1732	3
1733	4
1734	4
1735	5
1736	5
1737	2
1738	5
1739	11
1740	1
1741	2
1742	2
1743	2
1744	4
1745	11
1746	3
1747	3
1748	4
1749	6
1750	2
1751	2
1752	2
1753	5
1754	2
1755	4
1756	4
1757	1
1758	10
1759	2
1760	1
1761	5
1762	2
1763	2
1764	3
1765	1
1766	4
1767	2
1768	1
1769	3
1770	4
1771	1
1772	3
1773	4
1774	3
1775	3
1776	3
1777	5
1778	3
1779	5
1780	5
1781	4
1782	2
1783	4
1784	6
1785	0
1786	5
1787	6
1788	3
1789	4
1790	4
1791	4
1792	9
1793	1
1794	0
1795	3
1796	2
1797	1
1798	3
1799	5
1800	3
1801	2
1802	3
1803	1
1804	1
1805	2
1806	3
1807	2
1808	3
1809	2
1810	3
1811	4
1812	3
1813	2
1814	0
1815	3
1816	1
1817	3
1818	4
1819	4
1820	3
1821	3
1822	3
1823	5
1824	3
1825	3
1826	3
1827	3
1828	5
1829	5
1830	3
1831	0
1832	3
1833	3
1834	7
1835	1
1836	6
1837	4
1838	4
1839	2
1840	0
1841	1
1842	3
1843	5
1844	5
1845	1
1846	3
1847	2
1848	2
1849	2
1850	0
1851	3
1852	3
1853	3
1854	2
1855	1
1856	0
1857	2
1858	2
1859	4
1860	1
1861	4
1862	2
1863	4
1864	3
1865	4
1866	3
1867	2
1868	2
1869	4
1870	2
1871	2
1872	4
1873	2
1874	2
1875	2
1876	0
1877	1
1878	0
1879	2
1880	5
1881	1
1882	2
1883	3
1884	0
1885	7
1886	5
1887	9
1888	2
1889	3
1890	3
1891	0
1892	1
1893	4
1894	1
1895	3
1896	2
1897	3
1898	3
1899	0
1900	3
1901	1
1902	1
1903	1
1904	2
1905	3
1906	3
1907	2
1908	4
1909	2
1910	2
1911	3
1912	4
1913	2
1914	4
1915	3
1916	7
1917	2
1918	4
1919	5
1920	1
1921	0
1922	3
1923	5
1924	2
1925	3
1926	5
1927	0
1928	3
1929	2
1930	3
1931	1
1932	7
1933	1
1934	0
1935	3
1936	2
1937	0
1938	1
1939	0
1940	3
1941	3
1942	0
1943	2
1944	5
1945	1
1946	2
1947	5
1948	2
1949	1
1950	1
1951	3
1952	2
1953	1
1954	4
1955	4
1956	2
1957	5
1958	3
1959	1
1960	3
1961	3
1962	2
1963	1
1964	4
1965	5
1966	2
1967	7
1968	2
1969	4
1970	2
1971	1
1972	4
1973	3
1974	3
1975	3
1976	2
1977	4
1978	6
1979	3
1980	4
1981	2
1982	4
1983	2
1984	1
1985	2
1986	3
1987	2
1988	3
1989	1
1990	3
1991	2
1992	1
1993	3
1994	3
1995	2
1996	2
1997	2
1998	5
1999	1
2000	1
2001	1
2002	3
2003	1
2004	1
2005	3
2006	4
2007	3
2008	5
2009	4
2010	1
2011	4
2012	3
2013	1
2014	1
2015	2
2016	2
2017	6
2018	2
2019	4
2020	2
2021	4
2022	2
2023	2
2024	3
2025	3
2026	2
2027	0
2028	3
2029	1
2030	0
2031	1
2032	2
2033	2
2034	2
2035	2
2036	1
2037	1
2038	2
2039	1
2040	3
2041	4
2042	2
2043	3
2044	1
2045	2
2046	2
2047	4
2048	1
2049	1
2050	1
2051	1
2052	1
2053	1
2054	3
2055	1
2056	2
2057	1
2058	2
2059	3
2060	2
2061	2
2062	1
2063	2
2064	3
2065	1
2066	0
2067	3
2068	1
2069	0
2070	1
2071	4
2072	2
2073	1
2074	2
2075	1
2076	2
2077	1
2078	2
2079	4
2080	2
2081	1
2082	1
2083	0
2084	6
2085	1
2086	0
2087	0
2088	2
2089	3
2090	5
2091	1
2092	3
2093	1
2094	4
2095	1
2096	0
2097	1
2098	3
2099	3
2100	1
2101	1
2102	1
2103	1
2104	2
2105	3
2106	0
2107	2
2108	3
2109	3
2110	1
2111	1
2112	3
2113	0
2114	1
2115	2
2116	2
2117	1
2118	0
2119	0
2120	5
2121	1
2122	3
2123	1
2124	1
2125	2
2126	1
2127	2
2128	1
2129	0
2130	0
2131	1
2132	2
2133	2
2134	4
2135	3
2136	5
2137	3
2138	0
2139	2
2140	3
2141	1
2142	1
2143	1
2144	0
2145	1
2146	1
2147	2
2148	3
2149	2
2150	4
2151	2
2152	3
2153	4
2154	2
2155	0
2156	2
2157	1
2158	3
2159	2
2160	2
2161	0
2162	4
2163	1
2164	1
2165	2
2166	5
2167	2
2168	1
2169	3
2170	1
2171	3
2172	4
2173	5
2174	2
2175	6
2176	2
2177	0
2178	3
2179	2
2180	3
2181	2
2182	5
2183	2
2184	4
2185	2
2186	2
2187	2
2188	2
2189	2
2190	2
2191	2
2192	1
2193	0
2194	0
2195	1
2196	3
2197	1
2198	1
2199	0
2200	1
2201	4
2202	2
2203	1
2204	1
2205	3
2206	3
2207	0
2208	2
2209	2
2210	1
2211	0
2212	1
2213	2
2214	2
2215	2
2216	2
2217	2
2218	3
2219	2
2220	2
2221	1
2222	0
2223	2
2224	1
2225	3
2226	2
2227	4
2228	0
2229	0
2230	2
2231	1
2232	0
2233	0
2234	1
2235	1
2236	2
2237	2
2238	2
2239	2
2240	0
2241	2
2242	0
2243	1
2244	2
2245	2
2246	1
2247	0
2248	2
2249	5
2250	2
2251	2
2252	2
2253	1
2254	3
2255	2
2256	0
2257	3
2258	5
2259	3
2260	1
2261	3
2262	2
2263	0
2264	2
2265	1
2266	0
2267	3
2268	0
2269	2
2270	2
2271	1
2272	2
2273	0
2274	1
2275	0
2276	0
2277	1
2278	2
2279	1
2280	0
2281	0
2282	0
2283	0
2284	1
2285	1
2286	1
2287	1
2288	1
2289	2
2290	2
2291	0
2292	2
2293	1
2294	0
2295	2
2296	4
2297	1
2298	0
2299	2
2300	1
2301	2
2302	1
2303	1
2304	0
2305	1
2306	1
2307	1
2308	1
2309	1
2310	2
2311	2
2312	0
2313	0
2314	0
2315	3
2316	1
2317	1
2318	1
2319	2
2320	2
2321	4
2322	2
2323	1
2324	0
2325	6
2326	2
2327	0
2328	0
2329	3
2330	2
2331	1
2332	3
2333	1
2334	1
2335	1
2336	3
2337	2
2338	2
2339	5
2340	0
2341	1
2342	0
2343	2
2344	4
2345	1
2346	1
2347	5
2348	0
2349	1
2350	0
2351	3
2352	1
2353	0
2354	1
2355	4
2356	3
2357	2
2358	1
2359	0
2360	0
2361	4
2362	4
2363	3
2364	2
2365	0
2366	1
2367	3
2368	1
2369	2
2370	1
2371	2
2372	3
2373	3
2374	1
2375	1
2376	1
2377	1
2378	1
2379	1
2380	2
2381	2
2382	1
2383	2
2384	1
2385	0
2386	0
2387	5
2388	0
2389	1
2390	0
2391	3
2392	3
2393	3
2394	2
2395	3
2396	1
2397	1
2398	3
2399	2
2400	2
2401	5
2402	4
2403	4
2404	1
2405	0
2406	1
2407	2
2408	1
2409	2
2410	7
2411	2
2412	1
2413	6
2414	0
2415	0
2416	0
2417	2
2418	0
2419	0
2420	3
2421	4
2422	1
2423	3
2424	0
2425	2
2426	0
2427	1
2428	1
2429	3
2430	3
2431	1
2432	1
2433	0
2434	4
2435	0
2436	2
2437	0
2438	1
2439	0
2440	1
2441	0
2442	0
2443	2
2444	0
2445	1
2446	0
2447	2
2448	1
2449	3
2450	1
2451	1
2452	2
2453	1
2454	1
2455	2
2456	1
2457	5
2458	1
2459	2
2460	2
2461	1
2462	2
2463	4
2464	2
2465	1
2466	1
2467	0
2468	0
2469	1
2470	0
2471	0
2472	1
2473	1
2474	0
2475	2
2476	0
2477	2
2478	0
2479	2
2480	2
2481	0
2482	1
2483	1
2484	3
2485	1
2486	4
2487	2
2488	3
2489	1
2490	1
2491	2
2492	0
2493	0
2494	1
2495	0
2496	2
2497	1
2498	3
2499	1
2500	0
2501	1
2502	2
2503	1
2504	1
2505	2
2506	0
2507	2
2508	1
2509	1
2510	1
2511	0
2512	3
2513	0
2514	1
2515	2
2516	3
2517	0
2518	2
2519	2
2520	1
2521	1
2522	0
2523	2
2524	0
2525	1
2526	1
2527	1
2528	2
2529	1
2530	0
2531	4
2532	0
2533	0
2534	2
2535	1
2536	2
2537	1
2538	1
2539	0
2540	1
2541	0
2542	0
2543	1
2544	2
2545	3
2546	0
2547	0
2548	4
2549	1
2550	3
2551	1
2552	0
2553	1
2554	1
2555	0
2556	1
2557	0
2558	2
2559	1
2560	2
2561	3
2562	0
2563	1
2564	0
2565	1
2566	1
2567	1
2568	2
2569	2
2570	3
2571	0
2572	0
2573	1
2574	0
2575	3
2576	1
2577	1
2578	2
2579	0
2580	0
2581	0
2582	1
2583	3
2584	0
2585	0
2586	2
2587	1
2588	0
2589	1
2590	0
2591	0
2592	0
2593	0
2594	2
2595	0
2596	1
2597	1
2598	1
2599	0
2600	0
2601	1
2602	1
2603	3
2604	1
2605	0
2606	2
2607	0
2608	0
2609	1
2610	1
2611	0
2612	1
2613	0
2614	0
2615	2
2616	1
2617	0
2618	0
2619	0
2620	0
2621	1
2622	0
2623	2
2624	0
2625	0
2626	0
2627	2
2628	3
2629	1
2630	0
2631	0
2632	0
2633	0
2634	0
2635	3
2636	0
2637	0
2638	0
2639	1
2640	0
2641	4
2642	0
2643	0
2644	2
2645	1
2646	0
2647	0
2648	0
2649	0
2650	0
2651	1
2652	0
2653	1
2654	0
2655	1
2656	0
2657	0
2658	1
2659	0
2660	0
2661	0
2662	0
2663	0
2664	1
2665	0
2666	1
2667	0
2668	2
2669	1
2670	3
2671	1
2672	1
2673	0
2674	1
2675	2
2676	2
2677	0
2678	1
2679	1
2680	2
2681	1
2682	0
2683	1
2684	4
2685	1
2686	1
2687	1
2688	0
2689	2
2690	2
2691	1
2692	0
2693	0
2694	0
2695	0
2696	0
2697	0
2698	0
2699	0
2700	1
2701	0
2702	0
2703	0
2704	1
2705	0
2706	0
2707	2
2708	0
2709	0
2710	2
2711	0
2712	0
2713	0
2714	0
2715	0
2716	2
2717	0
2718	0
2719	0
2720	0
2721	0
2722	1
2723	1
2724	0
2725	1
2726	3
2727	0
2728	1
2729	1
2730	0
2731	0
2732	1
2733	0
2734	0
2735	2
2736	1
2737	0
2738	3
2739	2
2740	0
2741	0
2742	0
2743	3
2744	2
2745	0
2746	1
2747	2
2748	1
2749	0
2750	2
2751	0
2752	0
2753	0
2754	0
2755	1
2756	2
2757	1
2758	0
2759	0
2760	3
2761	0
2762	1
2763	1
2764	2
2765	0
2766	2
2767	1
2768	1
2769	3
2770	0
2771	1
2772	1
2773	1
2774	0
2775	0
2776	1
2777	0
2778	0
2779	0
2780	0
2781	1
2782	1
2783	1
2784	0
2785	0
2786	0
2787	2
2788	0
2789	0
2790	2
2791	1
2792	2
2793	0
2794	1
2795	0
2796	0
2797	0
2798	1
2799	0
2800	0
2801	0
2802	1
2803	1
2804	1
2805	0
2806	1
2807	1
2808	0
2809	0
2810	1
2811	0
2812	1
2813	1
2814	1
2815	0
2816	0
2817	0
2818	0
2819	0
2820	0
2821	0
2822	0
2823	0
2824	0
2825	0
2826	1
2827	1
2828	1
2829	0
2830	0
2831	0
2832	1
2833	0
2834	1
2835	0
2836	0
2837	0
2838	0
2839	0
2840	1
2841	1
2842	0
2843	0
2844	0
2845	0
2846	0
2847	0
2848	0
2849	1
2850	1
2851	1
2852	0
2853	1
2854	0
2855	0
2856	0
2857	0
2858	0
2859	1
2860	2
2861	2
2862	0
2863	3
2864	0
2865	0
2866	1
2867	1
2868	0
2869	1
2870	1
2871	0
2872	0
2873	0
2874	0
2875	0
2876	0
2877	3
2878	0
2879	0
2880	2
2881	1
2882	1
2883	0
2884	0
2885	0
2886	0
2887	0
2888	0
2889	0
2890	1
2891	0
2892	3
2893	0
2894	0
2895	0
2896	0
2897	0
2898	1
2899	0
2900	2
2901	2
2902	1
2903	1
2904	0
2905	3
2906	1
2907	1
2908	0
2909	3
2910	0
2911	1
2912	0
2913	1
2914	1
2915	1
2916	0
2917	1
2918	0
2919	0
2920	1
2921	2
2922	0
2923	2
2924	1
2925	1
2926	0
2927	0
2928	0
2929	1
2930	1
2931	0
2932	0
2933	2
2934	2
2935	1
2936	0
2937	0
2938	1
2939	1
2940	1
2941	0
2942	0
2943	0
2944	3
2945	2
2946	2
2947	0
2948	1
2949	0
2950	1
2951	1
2952	0
2953	1
2954	1
2955	2
2956	0
2957	1
2958	0
2959	1
2960	1
2961	1
2962	1
2963	1
2964	2
2965	0
2966	1
2967	0
2968	0
2969	0
2970	0
2971	0
2972	0
2973	0
2974	1
2975	0
2976	0
2977	1
2978	0
2979	0
2980	0
2981	0
2982	1
2983	0
2984	2
2985	2
2986	2
2987	2
2988	0
2989	4
2990	0
2991	0
2992	0
2993	0
2994	3
2995	0
2996	1
2997	0
2998	0
2999	0
3000	0
3001	0
3002	0
3003	0
3004	2
3005	0
3006	0
3007	0
3008	2
3009	0
3010	0
3011	0
3012	4
3013	0
3014	1
3015	1
3016	0
3017	0
3018	0
3019	0
3020	0
3021	0
3022	1
3023	0
3024	0
3025	1
3026	0
3027	0
3028	0
3029	0
3030	0
3031	0
3032	0
3033	0
3034	0
3035	0
3036	0
3037	0
3038	0
3039	0
3040	1
3041	0
3042	1
3043	0
3044	0
3045	0
3046	0
3047	1
3048	2
3049	0
3050	0
3051	1
3052	1
3053	0
3054	0
3055	0
3056	0
3057	0
3058	0
3059	0
3060	0
3061	0
3062	0
3063	1
3064	1
3065	0
3066	0
3067	0
3068	0
3069	0
3070	0
3071	0
3072	1
3073	0
3074	0
3075	1
3076	0
3077	1
3078	0
3079	0
3080	1
3081	1
3082	0
3083	0
3084	0
3085	1
3086	0
3087	0
3088	0
3089	0
3090	1
3091	0
3092	0
3093	0
3094	2
3095	0
3096	1
3097	1
3098	0
3099	2
3100	0
3101	0
3102	1
3103	1
3104	0
3105	0
3106	1
3107	0
3108	0
3109	0
3110	0
3111	0
3112	1
3113	1
3114	0
3115	0
3116	0
3117	0
3118	0
3119	1
3120	0
3121	0
3122	0
3123	1
3124	0
3125	0
3126	0
3127	0
3128	2
3129	0
3130	0
3131	0
3132	0
3133	0
3134	0
3135	0
3136	0
3137	0
3138	0
3139	0
3140	0
3141	1
3142	0
3143	1
3144	1
3145	0
3146	0
3147	1
3148	0
3149	1
3150	0
3151	1
3152	0
3153	0
3154	1
3155	1
3156	0
3157	0
3158	1
3159	0
3160	0
3161	0
3162	0
3163	0
3164	0
3165	0
3166	0
3167	0
3168	1
3169	1
3170	0
3171	0
3172	1
3173	0
3174	0
3175	0
3176	0
3177	1
3178	0
3179	0
3180	0
3181	0
3182	1
3183	0
3184	0
3185	1
3186	1
3187	0
3188	0
3189	1
3190	0
3191	1
3192	0
3193	1
3194	0
3195	0
3196	1
3197	0
3198	0
3199	0
3200	0
3201	1
3202	0
3203	0
3204	1
3205	0
3206	0
3207	1
3208	2
3209	0
3210	0
3211	1
3212	1
3213	0
3214	1
3215	0
3216	0
3217	0
3218	0
3219	0
3220	0
3221	0
3222	0
3223	0
3224	0
3225	0
3226	0
3227	0
3228	2
3229	0
3230	0
3231	1
3232	0
3233	0
3234	0
3235	1
3236	0
3237	0
3238	0
3239	0
3240	1
3241	1
3242	0
3243	0
3244	0
3245	1
3246	0
3247	0
3248	0
3249	0
3250	0
3251	1
3252	0
3253	1
3254	0
3255	1
3256	0
3257	0
3258	1
3259	0
3260	0
3261	0
3262	0
3263	0
3264	0
3265	0
3266	0
3267	0
3268	0
3269	0
3270	0
3271	0
3272	0
3273	0
3274	0
3275	0
3276	1
3277	0
3278	0
3279	0
3280	0
3281	0
3282	0
3283	0
3284	0
3285	0
3286	0
3287	1
3288	0
3289	0
3290	1
3291	0
3292	1
3293	0
3294	0
3295	0
3296	0
3297	0
3298	0
3299	0
3300	0
3301	0
3302	0
3303	0
3304	0
3305	0
3306	0
3307	0
3308	0
3309	0
3310	0
3311	0
3312	0
3313	0
3314	0
3315	0
3316	0
3317	0
3318	0
3319	1
3320	0
3321	0
3322	0
3323	0
3324	0
3325	0
3326	0
3327	0
3328	1
3329	0
3330	0
3331	0
3332	0
3333	0
3334	0
3335	0
3336	0
3337	0
3338	0
3339	0
3340	0
3341	0
3342	0
3343	1
3344	0
3345	0
3346	0
3347	0
3348	1
3349	0
3350	0
3351	0
3352	0
3353	0
3354	1
3355	0
3356	0
3357	0
3358	0
3359	0
3360	0
3361	0
3362	1
3363	1
3364	0
3365	0
3366	1
3367	0
3368	0
3369	0
3370	0
3371	0
3372	1
3373	0
3374	0
3375	0
3376	0
3377	0
3378	0
3379	0
3380	0
3381	0
3382	0
3383	0
3384	0
3385	0
3386	0
3387	0
3388	0
3389	0
3390	0
3391	0
3392	0
3393	0
3394	0
3395	0
3396	0
3397	0
3398	0
3399	0
3400	0
3401	0
3402	0
3403	0
3404	0
3405	0
3406	0
3407	0
3408	0
3409	0
3410	0
3411	0
3412	0
3413	0
3414	0
3415	1
3416	0
3417	0
3418	0
3419	1
3420	0
3421	0
3422	0
3423	0
3424	0
3425	1
3426	0
3427	0
3428	0
3429	1
3430	1
3431	1
3432	0
3433	0
3434	0
3435	0
3436	0
3437	0
3438	0
3439	0
3440	0
3441	0
3442	0
3443	0
3444	0
3445	0
3446	0
3447	0
3448	0
3449	0
3450	0
3451	0
3452	0
3453	0
3454	0
3455	0
3456	0
3457	0
3458	0
3459	0
3460	0
3461	0
3462	1
3463	0
3464	0
3465	0
3466	0
3467	0
3468	1
3469	1
3470	0
3471	0
3472	0
3473	0
3474	0
3475	0
3476	0
3477	1
3478	0
3479	0
3480	1
3481	0
3482	0
3483	0
3484	0
3485	0
3486	0
3487	0
3488	1
3489	0
3490	0
3491	0
3492	0
3493	0
3494	0
3495	0
3496	0
3497	0
3498	0
3499	0
3500	0
3501	0
3502	0
3503	0
3504	0
3505	0
3506	0
3507	0
3508	0
3509	0
3510	0
3511	1
3512	1
3513	0
3514	0
3515	0
3516	0
3517	0
3518	0
3519	0
3520	0
3521	0
3522	1
3523	0
3524	0
3525	0
3526	0
3527	0
3528	1
3529	0
3530	1
3531	0
3532	0
3533	0
3534	0
3535	0
3536	1
3537	0
3538	0
3539	0
3540	0
3541	0
3542	0
3543	0
3544	0
3545	0
3546	0
3547	1
3548	0
3549	0
3550	0
3551	1
3552	0
3553	0
3554	0
3555	0
3556	0
3557	0
3558	0
3559	1
3560	1
3561	0
3562	0
3563	0
3564	0
3565	0
3566	0
3567	0
3568	0
3569	0
3570	0
3571	0
3572	1
3573	0
3574	0
3575	0
3576	0
3577	0
3578	0
3579	0
3580	0
3581	0
3582	0
3583	0
3584	0
3585	0
3586	0
3587	0
3588	0
3589	0
3590	0
3591	0
3592	0
3593	0
3594	0
3595	0
3596	0
3597	1
3598	0
3599	0
3600	0
3601	0
3602	0
3603	1
3604	0
3605	0
3606	0
3607	0
3608	0
3609	0
3610	0
3611	0
3612	0
3613	1
3614	0
3615	0
3616	0
3617	0
3618	0
3619	0
3620	0
3621	0
3622	0
3623	0
3624	0
3625	0
3626	0
3627	0
3628	0
3629	0
3630	0
3631	0
3632	0
3633	0
3634	0
3635	0
3636	0
3637	0
3638	1
3639	2
3640	1
3641	0
3642	0
3643	1
3644	1
3645	0
3646	0
3647	1
3648	0
3649	0
3650	0
3651	0
3652	0
3653	0
3654	0
3655	0
3656	0
3657	0
3658	0
3659	0
3660	0
3661	1
3662	0
3663	0
3664	0
3665	0
3666	0
3667	0
3668	0
3669	0
3670	0
3671	0
3672	0
3673	0
3674	0
3675	1
3676	1
3677	0
3678	1
3679	0
3680	1
3681	1
3682	1
3683	0
3684	0
3685	0
3686	1
3687	2
3688	1
3689	0
3690	0
3691	0
3692	0
3693	0
3694	0
3695	0
3696	1
3697	0
3698	0
3699	0
3700	0
3701	0
3702	0
3703	1
3704	0
3705	0
3706	1
3707	0
3708	0
3709	0
3710	0
3711	0
3712	2
3713	0
3714	1
3715	1
3716	1
3717	2
3718	0
3719	1
3720	2
3721	2
3722	0
3723	0
3724	0
3725	0
3726	0
3727	1
3728	0
3729	0
3730	0
3731	1
3732	0
3733	0
3734	0
3735	0
3736	0
3737	0
3738	1
3739	0
3740	2
3741	0
3742	0
3743	2
3744	2
3745	0
3746	0
3747	0
3748	0
3749	0
3750	0
3751	0
3752	0
3753	1
3754	0
3755	0
3756	0
3757	0
3758	0
3759	0
3760	1
3761	0
3762	1
3763	0
3764	0
3765	0
3766	0
3767	0
3768	0
3769	0
3770	0
3771	0
3772	0
3773	1
3774	1
3775	1
3776	0
3777	0
3778	2
3779	0
3780	0
3781	0
3782	1
3783	0
3784	0
3785	0
3786	1
3787	0
3788	0
3789	0
3790	0
3791	0
3792	0
3793	0
3794	0
3795	1
3796	0
3797	0
3798	0
3799	1
3800	0
3801	0
3802	0
3803	0
3804	1
3805	0
3806	0
3807	0
3808	0
3809	0
3810	0
3811	1
3812	0
3813	0
3814	2
3815	0
3816	0
3817	0
3818	0
3819	0
3820	1
3821	0
3822	0
3823	1
3824	0
3825	1
3826	0
3827	1
3828	1
3829	0
3830	0
3831	0
3832	0
3833	0
3834	0
3835	1
3836	0
3837	0
3838	0
3839	0
3840	0
3841	0
3842	0
3843	0
3844	0
3845	0
3846	0
3847	0
3848	0
3849	0
3850	0
3851	0
3852	0
3853	0
3854	1
3855	0
3856	0
3857	1
3858	2
3859	0
3860	0
3861	0
3862	0
3863	0
3864	0
3865	0
3866	0
3867	0
3868	0
3869	0
3870	0
3871	1
3872	1
3873	0
3874	0
3875	0
3876	0
3877	0
3878	0
3879	0
3880	0
3881	0
3882	0
3883	0
3884	0
3885	1
3886	0
3887	0
3888	0
3889	0
3890	0
3891	0
3892	1
3893	0
3894	1
3895	0
3896	0
3897	0
3898	1
3899	0
3900	0
3901	0
3902	0
3903	0
3904	0
3905	0
3906	0
3907	0
3908	0
3909	0
3910	0
3911	0
3912	0
3913	0
3914	0
3915	0
3916	1
3917	1
3918	0
3919	0
3920	0
3921	0
3922	0
3923	0
3924	0
3925	0
3926	0
3927	0
3928	1
3929	0
3930	0
3931	0
3932	0
3933	0
3934	0
3935	0
3936	0
3937	0
3938	0
3939	0
3940	0
3941	0
3942	0
3943	0
3944	0
3945	0
3946	0
3947	0
3948	0
3949	0
3950	0
3951	0
3952	0
3953	0
3954	0
3955	1
3956	0
3957	0
3958	0
3959	0
3960	0
3961	0
3962	0
3963	1
3964	0
3965	0
3966	0
3967	0
3968	0
3969	0
3970	0
3971	0
3972	0
3973	0
3974	0
3975	0
3976	0
3977	0
3978	0
3979	0
3980	0
3981	0
3982	0
3983	0
3984	0
3985	0
3986	0
3987	0
3988	0
3989	0
3990	0
3991	0
3992	0
3993	0
3994	0
3995	0
3996	0
3997	0
3998	0
3999	0
4000	0
4001	0
4002	0
4003	0
4004	0
4005	0
4006	0
4007	0
4008	0
4009	0
4010	0
4011	0
4012	0
4013	0
4014	0
4015	0
4016	0
4017	0
4018	0
4019	0
4020	0
4021	0
4022	0
4023	0
4024	1
4025	0
4026	0
4027	0
4028	0
4029	0
4030	0
4031	0
4032	0
4033	0
4034	0
4035	0
4036	0
4037	0
4038	0
4039	0
4040	0
4041	0
4042	0
4043	0
4044	0
4045	0
4046	0
4047	0
4048	0
4049	0
4050	0
4051	0
4052	0
4053	1
